AluYa8_cl1	69	16909	245.05
AluYa8_cl2	61	5614	92.03
AluYa8_cl3	129	11164	86.54
AluYa8_cl4	101	10680	105.74
AluYb8_cl1	1	306	306
AluYb8_cl10	1	174	174
AluYb8_cl11	127	35796	281.85
AluYb8_cl12	130	40580	312.15
AluYb8_cl13	154	46947	304.85
AluYb8_cl14	1	160	160
AluYb8_cl15	380	118895	312.88
AluYb8_cl16	281	85860	305.55
AluYb8_cl17	2	308	154
AluYb8_cl18	1	160	160
AluYb8_cl19	162	50945	314.47
AluYb8_cl2	281	87118	310.02
AluYb8_cl20	215	67455	313.74
AluYb8_cl21	6	1727	287.83
AluYb8_cl22	1	266	266
AluYb8_cl23	1	261	261
AluYb8_cl3	1	159	159
AluYb8_cl4	1	159	159
AluYb8_cl5	1	319	319
AluYb8_cl6	1	339	339
AluYb8_cl7	531	168781	317.85
AluYb8_cl8	68	21482	315.91
AluYb8_cl9	125	26759	214.07
AluYb9_cl1	23	5782	251.39
AluYb9_cl2	90	28625	318.05
AluYb9_cl3	46	14463	314.41
AluYb9_cl4	89	26995	303.31
AluYb9_cl5	110	32932	299.38
AluYc3_cl1	59	16915	286.69
AluYc3_cl2	65	18266	281.01
AluYc3_cl3	113	31978	282.99
AluYc3_cl4	148	42115	284.56
AluYc3_cl5	114	30457	267.16
AluYd8_cl1	81	23248	287.01
AluYd8_cl2	20	5577	278.85
AluYd8_cl3	70	20056	286.51
AluYe5_cl1	221	62572	283.13
AluYe5_cl2	138	39860	288.84
AluYe5_cl3	202	61484	304.37
AluYe5_cl4	119	33433	280.94
AluYe5_cl5	144	40673	282.45
AluYe5_cl6	150	44463	296.42
AluYe5_cl7	142	42243	297.48
AluYe6_cl1	52	15295	294.13
AluYe6_cl2	45	13158	292.39
AluYe6_cl3	31	8979	289.64
AluYe6_cl4	51	15099	296.05
AluYf1_cl1	275	82786	301.04
AluYf1_cl2	445	128322	288.36
AluYf1_cl3	168	45503	270.85
AluYf1_cl4	381	113825	298.75
AluYf1_cl5	551	163810	297.29
AluYf1_cl6	153	45794	299.3
AluYg6_cl1	132	39816	301.63
AluYg6_cl2	60	18118	301.96
AluYg6_cl3	58	7866	135.62
AluYg6_cl4	81	24867	307
AluYg6_cl5	95	23788	250.4
AluYg6_cl6	48	14260	297.08
AluYg6_cl7	48	13765	286.77
AluYh3_cl1	143	41865	292.76
AluYh3_cl2	137	37282	272.13
AluYh3_cl3	113	30651	271.24
AluYh3_cl4	188	52771	280.69
AluYh3a3_cl1	28	6938	247.78
AluYh3a3_cl2	21	5119	243.76
AluYh3a3_cl3	51	12595	246.96
AluYh3a3_cl4	47	10046	213.74
AluYh7_cl1	68	12977	190.83
AluYh7_cl2	64	11080	173.12
AluYh7_cl3	73	16610	227.53
AluYh7_cl4	49	10051	205.12
AluYh7_cl5	76	18123	238.46
AluYh9_cl1	44	3133	71.2
AluYh9_cl2	39	3618	92.76
AluYh9_cl3	38	2132	56.1
AluYh9_cl4	43	3495	81.27
AluYi6_cl1	36	11014	305.94
AluYi6_cl2	41	7387	180.17
AluYi6_cl3	42	9144	217.71
AluYi6_cl4	80	24432	305.39
AluYi6_cl5	66	20290	307.42
AluYj4_cl1	325	97625	300.38
AluYj4_cl2	411	122752	298.66
AluYj4_cl3	230	65131	283.17
AluYj4_cl4	274	81254	296.54
AluYj4_cl5	50	8394	167.88
AluYj4_cl6	253	46031	181.94
AluYj4_cl7	421	124104	294.78
AluYj4_cl8	216	64427	298.27
AluYk11_cl1	24	3265	136.04
AluYk11_cl2	45	12392	275.37
AluYk11_cl3	32	9005	281.4
AluYk11_cl4	31	9371	302.29
AluYk12_cl1	34	9164	269.52
AluYk12_cl2	24	6216	259
AluYk12_cl3	32	9871	308.46
AluYk4_cl1	147	42848	291.48
AluYk4_cl2	72	21594	299.91
AluYk4_cl3	173	50136	289.8
AluYk4_cl4	150	44980	299.86
AluYk4_cl5	188	55296	294.12
AluYk4_cl6	116	34520	297.58
AluYk4_cl7	210	62343	296.87
HERV16-int_cl1	349	282281	808.82
HERV16-int_cl2	67	59740	891.64
HERV16-int_cl3	304	237652	781.75
HERV16-int_cl4	220	173700	789.54
HERV16-int_cl5	122	88680	726.88
HERV17-int_cl1	98	468612	4781.75
HERV17-int_cl2	56	177189	3164.08
HERV17-int_cl3	100	300414	3004.14
HERV3-int_cl1	32	83876	2621.12
HERV3-int_cl2	41	227745	5554.75
HERV3-int_cl3	28	79691	2846.1
HERV3-int_cl4	7	35590	5084.28
HERV35I-int_cl1	55	65665	1193.9
HERV35I-int_cl2	66	84719	1283.62
HERV35I-int_cl3	43	49972	1162.13
HERV35I-int_cl4	98	159391	1626.43
HERV4_I-int_cl1	84	158532	1887.28
HERV4_I-int_cl2	38	53215	1400.39
HERV4_I-int_cl3	48	50138	1044.54
HERV9-int_cl1	20	74651	3732.55
HERV9-int_cl2	40	280203	7005.07
HERV9-int_cl3	48	239844	4996.75
HERV9-int_cl4	34	302959	8910.55
HERV9N-int_cl1	35	105928	3026.51
HERV9N-int_cl2	39	200615	5143.97
HERV9N-int_cl3	36	146573	4071.47
HERV9NC-int_cl1	44	224904	5111.45
HERV9NC-int_cl2	40	267016	6675.4
HERV9NC-int_cl3	52	338640	6512.3
HERVE-int_cl1	56	309647	5529.41
HERVE-int_cl2	54	201695	3735.09
HERVE_a-int_cl1	23	97705	4248.04
HERVE_a-int_cl2	21	132241	6297.19
HERVE_a-int_cl3	20	131595	6579.75
HERVFH19-int_cl1	15	22967	1531.13
HERVFH19-int_cl2	10	13451	1345.1
HERVFH19-int_cl3	23	70243	3054.04
HERVFH19-int_cl4	12	22497	1874.75
HERVFH21-int_cl1	18	47002	2611.22
HERVFH21-int_cl2	15	52059	3470.6
HERVFH21-int_cl3	22	63308	2877.63
HERVIP10B3-int_cl1	11	63679	5789
HERVIP10B3-int_cl2	22	73617	3346.22
HERVIP10B3-int_cl3	28	117713	4204.03
HERVIP10B3-int_cl4	28	89601	3200.03
HERVIP10F-int_cl1	22	70730	3215
HERVIP10F-int_cl2	47	164602	3502.17
HERVIP10F-int_cl3	35	116257	3321.62
HERVIP10F-int_cl4	21	122453	5831.09
HERVIP10FH-int_cl1	31	59348	1914.45
HERVIP10FH-int_cl2	41	169344	4130.34
HERVIP10FH-int_cl3	48	88910	1852.29
HERVIP10FH-int_cl4	48	89293	1860.27
HERVK-int_cl1	49	319476	6519.91
HERVK-int_cl2	47	243563	5182.19
HERVK11-int_cl1	30	159893	5329.76
HERVK11-int_cl2	27	158686	5877.25
HERVK11-int_cl3	31	156602	5051.67
HERVK14-int_cl1	57	95232	1670.73
HERVK14-int_cl2	34	129906	3820.76
HERVK14-int_cl3	44	84507	1920.61
HERVK22-int_cl1	34	173614	5106.29
HERVK22-int_cl2	33	71477	2165.96
HERVK22-int_cl3	56	135403	2417.91
HERVK22-int_cl4	53	230237	4344.09
HERVK3-int_cl1	32	63437	1982.4
HERVK3-int_cl2	36	105006	2916.83
HERVK3-int_cl3	35	133415	3811.85
HERVK3-int_cl4	28	106167	3791.67
HERVK9-int_cl1	41	149742	3652.24
HERVK9-int_cl2	93	483837	5202.54
HERVK9-int_cl3	53	319682	6031.73
HERVK9-int_cl4	39	170378	4368.66
HERVL18-int_cl1	23	56939	2475.6
HERVL18-int_cl2	38	155319	4087.34
HERVL18-int_cl3	27	70257	2602.11
HERVL18-int_cl4	34	147302	4332.41
HERVL32-int_cl1	17	14255	838.52
HERVL32-int_cl2	18	33385	1854.72
HERVL32-int_cl3	21	35827	1706.04
HERVL40-int_cl1	98	106177	1083.43
HERVL40-int_cl2	126	86706	688.14
HERVL40-int_cl3	38	28340	745.78
HERVL40-int_cl4	18	14267	792.61
HERVL40-int_cl5	98	74700	762.24
HERVL40-int_cl6	216	248477	1150.35
HERVL74-int_cl1	17	15162	891.88
HERVL74-int_cl2	25	24206	968.24
HERVL74-int_cl3	44	54636	1241.72
HERVL74-int_cl4	21	19099	909.47
HERVL74-int_cl5	28	40729	1454.6
HERVP71A-int_cl1	31	115065	3711.77
HERVP71A-int_cl2	42	81689	1944.97
HERVP71A-int_cl3	54	97306	1801.96
HERVS71-int_cl1	24	164175	6840.62
HERVS71-int_cl2	9	72124	8013.77
HERVS71-int_cl3	22	161284	7331.09
HUERS-P1-int_cl1	71	99668	1403.77
HUERS-P1-int_cl2	36	60381	1677.25
HUERS-P1-int_cl3	46	103056	2240.34
HUERS-P1-int_cl4	76	234691	3088.03
HUERS-P2-int_cl1	51	122778	2407.41
HUERS-P2-int_cl2	38	112376	2957.26
HUERS-P2-int_cl3	19	45127	2375.1
HUERS-P2-int_cl4	14	33319	2379.92
HUERS-P3-int_cl1	70	72306	1032.94
HUERS-P3-int_cl2	57	120968	2122.24
HUERS-P3-int_cl3	88	245894	2794.25
HUERS-P3-int_cl4	56	207750	3709.82
HUERS-P3b-int_cl1	64	140184	2190.37
HUERS-P3b-int_cl2	50	112439	2248.78
HUERS-P3b-int_cl3	95	205970	2168.1
L1PA12_cl1	259	306082	1181.78
L1PA12_cl2	227	170098	749.33
L1PA12_cl3	73	213845	2929.38
L1PA12_cl4	111	144552	1302.27
L1PA12_cl5	218	428987	1967.83
L1PA12_cl6	62	54448	878.19
L1PA12_cl7	5	8185	1637
L1PA14_cl1	234	273860	1170.34
L1PA14_cl10	102	115105	1128.48
L1PA14_cl2	88	414366	4708.7
L1PA14_cl3	112	267741	2390.54
L1PA14_cl4	343	215543	628.4
L1PA14_cl5	146	118800	813.69
L1PA14_cl6	137	229062	1671.98
L1PA14_cl7	116	199481	1719.66
L1PA14_cl8	202	402785	1993.98
L1PA14_cl9	190	327294	1722.6
L1PA15-16_cl1	133	166105	1248.9
L1PA15-16_cl2	111	285643	2573.36
L1PA15-16_cl3	113	168507	1491.21
L1PA15-16_cl4	116	295827	2550.23
L1PA15-16_cl5	139	148380	1067.48
L1PA15-16_cl6	17	10678	628.11
L1PA15-16_cl7	194	260302	1341.76
L1PA15_cl1	285	722862	2536.35
L1PA15_cl10	376	588718	1565.73
L1PA15_cl11	296	287509	971.31
L1PA15_cl2	419	903568	2156.48
L1PA15_cl3	309	671649	2173.62
L1PA15_cl4	389	1515620	3896.19
L1PA15_cl5	162	198599	1225.91
L1PA15_cl6	621	932053	1500.89
L1PA15_cl7	357	360475	1009.73
L1PA15_cl8	860	649393	755.1
L1PA15_cl9	549	312134	568.55
L1PA16_cl1	629	1957603	3112.24
L1PA16_cl10	1015	496228	488.89
L1PA16_cl11	699	1572346	2249.42
L1PA16_cl2	797	859365	1078.24
L1PA16_cl3	1187	1308700	1102.52
L1PA16_cl4	335	337165	1006.46
L1PA16_cl5	1024	748183	730.64
L1PA16_cl6	323	210934	653.04
L1PA16_cl7	733	1292767	1763.66
L1PA16_cl8	402	670010	1666.69
L1PA16_cl9	703	440597	626.73
L1PA8A_cl1	117	149695	1279.44
L1PA8A_cl10	85	254006	2988.3
L1PA8A_cl11	90	190833	2120.36
L1PA8A_cl2	35	76716	2191.88
L1PA8A_cl3	184	332059	1804.66
L1PA8A_cl4	142	313611	2208.52
L1PA8A_cl5	72	72272	1003.77
L1PA8A_cl6	203	162719	801.57
L1PA8A_cl7	116	729749	6290.93
L1PA8A_cl8	106	145366	1371.37
L1PA8A_cl9	102	450536	4417.01
LOR1-int_cl1	55	63350	1151.81
LOR1-int_cl2	77	76753	996.79
LOR1-int_cl3	104	156591	1505.68
LOR1-int_cl4	73	67629	926.42
LOR1-int_cl5	92	192087	2087.9
LOR1-int_cl6	129	188612	1462.1
LOR1a_cl1	121	52995	437.97
LOR1a_cl2	54	17173	318.01
LOR1a_cl3	102	38864	381.01
LOR1a_cl4	67	31925	476.49
LOR1a_cl5	100	48548	485.48
LOR1a_cl6	106	49427	466.29
LOR1a_cl7	49	23167	472.79
LOR1b_cl1	138	54566	395.4
LOR1b_cl2	102	34442	337.66
LOR1b_cl3	157	66186	421.56
LOR1b_cl4	175	76811	438.92
LOR1b_cl5	206	81934	397.73
LTR104_Mam_cl1	283	79219	279.92
LTR104_Mam_cl2	201	49103	244.29
LTR104_Mam_cl3	179	43345	242.15
LTR104_Mam_cl4	192	46093	240.06
LTR104_Mam_cl5	141	30039	213.04
LTR104_Mam_cl6	103	26247	254.82
LTR104_Mam_cl7	367	93025	253.47
LTR10A_cl1	39	19308	495.07
LTR10A_cl2	45	21588	479.73
LTR10A_cl3	32	15502	484.43
LTR10A_cl4	41	22663	552.75
LTR10A_cl5	27	14173	524.92
LTR10A_cl6	40	20660	516.5
LTR10B1_cl1	28	14419	514.96
LTR10B1_cl2	36	14030	389.72
LTR10B1_cl3	14	6671	476.5
LTR10B_cl1	28	12970	463.21
LTR10B_cl2	20	9052	452.6
LTR10B_cl3	11	4934	448.54
LTR10C_cl1	76	37838	497.86
LTR10C_cl2	78	43851	562.19
LTR10C_cl3	80	46546	581.82
LTR10C_cl4	45	25729	571.75
LTR10C_cl5	42	15801	376.21
LTR10C_cl6	54	25051	463.9
LTR10C_cl7	38	22160	583.15
LTR10D_cl1	28	12298	439.21
LTR10D_cl2	66	32942	499.12
LTR10D_cl3	52	25315	486.82
LTR10E_cl1	71	39882	561.71
LTR10E_cl2	39	21089	540.74
LTR10E_cl3	63	32628	517.9
LTR10F_cl1	53	27814	524.79
LTR10F_cl2	74	36684	495.72
LTR10F_cl3	46	23529	511.5
LTR10F_cl4	43	20191	469.55
LTR10F_cl5	30	14388	479.6
LTR10G_cl1	29	13877	478.51
LTR10G_cl2	27	12224	452.74
LTR10G_cl3	16	8197	512.31
LTR12D_cl1	23	16461	715.69
LTR12D_cl2	60	66939	1115.65
LTR12D_cl3	84	66697	794.01
LTR12D_cl4	54	56872	1053.18
LTR12D_cl5	15	14427	961.8
LTR12D_cl6	87	104761	1204.14
LTR12E_cl1	24	25319	1054.95
LTR12E_cl2	20	22095	1104.75
LTR12E_cl3	28	33605	1200.17
LTR12E_cl4	14	8247	589.07
LTR12F_cl1	106	48848	460.83
LTR12F_cl2	50	14592	291.83
LTR12F_cl3	63	31024	492.44
LTR12F_cl4	104	56338	541.71
LTR12F_cl5	106	48202	454.73
LTR12__cl1	73	47310	648.08
LTR12__cl2	60	37473	624.54
LTR12__cl3	58	29722	512.44
LTR12__cl4	68	45414	667.85
LTR12__cl5	72	46111	640.43
LTR12__cl6	54	32817	607.72
LTR12_cl1	114	88943	780.2
LTR12_cl2	56	40167	717.26
LTR12_cl3	93	72501	779.58
LTR12_cl4	146	111432	763.23
LTR12_cl5	75	43112	574.82
LTR12_cl6	82	44245	539.57
LTR13A_cl1	58	52844	911.1
LTR13A_cl2	47	43788	931.65
LTR13A_cl3	43	40606	944.32
LTR13_cl1	68	67464	992.11
LTR13_cl2	44	45665	1037.84
LTR13_cl3	49	47642	972.28
LTR13_cl4	73	69730	955.2
LTR13_cl5	65	64459	991.67
LTR13_cl6	77	74272	964.57
LTR14A_cl1	22	7139	324.5
LTR14A_cl2	24	8768	365.33
LTR14A_cl3	35	11583	330.94
LTR14B_cl1	38	22069	580.76
LTR14B_cl2	52	30653	589.48
LTR14B_cl3	48	25861	538.77
LTR14B_cl4	46	25653	557.67
LTR14B_cl5	45	18134	402.97
LTR14C_cl1	32	18058	564.31
LTR14C_cl2	6	2605	434.16
LTR14C_cl3	16	8484	530.25
LTR14C_cl4	34	19172	563.88
LTR14_cl1	12	6156	513
LTR14_cl2	20	11010	550.5
LTR14_cl3	29	15940	549.65
LTR15_cl1	31	10864	350.45
LTR15_cl2	32	15096	471.75
LTR15_cl3	60	27564	459.4
LTR15_cl4	50	23565	471.3
LTR16A1_cl1	286	110216	385.37
LTR16A1_cl2	359	121766	339.18
LTR16A1_cl3	350	104943	299.83
LTR16A1_cl4	246	87349	355.07
LTR16A1_cl5	360	105515	293.09
LTR16A1_cl6	423	155571	367.78
LTR16A2_cl1	429	142122	331.28
LTR16A2_cl2	239	76269	319.11
LTR16A2_cl3	254	83724	329.62
LTR16A2_cl4	442	143944	325.66
LTR16A2_cl5	74	24031	324.74
LTR16B1_cl1	164	61321	373.9
LTR16B1_cl2	163	64281	394.36
LTR16B1_cl3	114	39330	345
LTR16B1_cl4	23	6540	284.34
LTR16B1_cl5	80	31652	395.65
LTR16B1_cl6	134	52406	391.08
LTR16B1_cl7	186	68864	370.23
LTR16B2_cl1	38	15522	408.47
LTR16B2_cl2	269	89901	334.2
LTR16B2_cl3	148	46314	312.93
LTR16B2_cl4	208	77772	373.9
LTR16B2_cl5	185	66121	357.41
LTR16B2_cl6	266	101314	380.87
LTR16B_cl1	97	30491	314.34
LTR16B_cl2	101	35168	348.19
LTR16B_cl3	111	42382	381.81
LTR16B_cl4	12	3577	298.08
LTR16B_cl5	52	20700	398.07
LTR16B_cl6	101	33686	333.52
LTR16D1_cl1	26	9522	366.23
LTR16D1_cl2	29	9957	343.34
LTR16D1_cl3	20	5724	286.2
LTR16D1_cl4	23	8228	357.73
LTR16D1_cl5	30	13707	456.9
LTR16D1_cl6	16	6467	404.18
LTR16D2_cl1	31	11196	361.16
LTR16D2_cl2	34	13164	387.17
LTR16D2_cl3	28	9931	354.67
LTR16D2_cl4	34	13024	383.05
LTR16D2_cl5	43	16855	391.97
LTR16D2_cl6	25	8706	348.24
LTR16D_cl1	174	61568	353.83
LTR16D_cl2	161	41386	257.05
LTR16D_cl3	111	32360	291.53
LTR16D_cl4	235	67017	285.17
LTR16D_cl5	74	17133	231.52
LTR16D_cl6	109	24304	222.97
LTR16E1_cl1	212	62389	294.28
LTR16E1_cl2	155	47481	306.32
LTR16E1_cl3	443	135912	306.79
LTR16E1_cl4	92	37097	403.22
LTR16E1_cl5	355	97957	275.93
LTR16E1_cl6	340	136462	401.35
LTR16E1_cl7	285	80412	282.14
LTR16E2_cl1	251	100854	401.8
LTR16E2_cl2	172	56019	325.69
LTR16E2_cl3	357	116309	325.79
LTR16E2_cl4	142	47336	333.35
LTR16E2_cl5	324	114573	353.62
LTR16E2_cl6	228	74432	326.45
LTR16E2_cl7	303	89730	296.13
LTR16_cl1	163	53888	330.6
LTR16_cl2	453	147261	325.07
LTR16_cl3	227	79589	350.61
LTR16_cl4	321	112674	351
LTR16_cl5	358	121573	339.58
LTR16_cl6	546	173321	317.43
LTR17_cl1	151	113696	752.95
LTR17_cl2	37	26519	716.72
LTR17_cl3	88	63910	726.25
LTR17_cl4	138	104211	755.15
LTR18A_cl1	34	12491	367.38
LTR18A_cl2	13	4338	333.69
LTR18A_cl3	26	9040	347.69
LTR18B_cl1	55	31607	574.67
LTR18B_cl2	31	14464	466.58
LTR18B_cl3	57	32271	566.15
LTR18B_cl4	46	24133	524.63
LTR18B_cl5	29	14417	497.13
LTR18B_cl6	25	13584	543.36
LTR19-int_cl1	14	16645	1188.92
LTR19-int_cl2	45	110957	2465.71
LTR19-int_cl3	32	55555	1736.09
LTR19A_cl1	37	15447	417.48
LTR19A_cl2	31	14318	461.87
LTR19A_cl3	77	35011	454.68
LTR19A_cl4	68	30272	445.17
LTR19A_cl5	57	23089	405.07
LTR19B_cl1	28	14492	517.57
LTR19B_cl2	36	18921	525.58
LTR19B_cl3	68	37906	557.44
LTR19B_cl4	45	24133	536.28
LTR19B_cl5	17	5802	341.29
LTR19B_cl6	16	5877	367.31
LTR19C_cl1	26	15544	597.84
LTR19C_cl2	18	12022	667.88
LTR19C_cl3	38	23170	609.73
LTR1A1_cl1	42	31218	743.28
LTR1A1_cl2	63	47856	759.61
LTR1A1_cl3	71	52893	744.97
LTR1A1_cl4	35	25136	718.17
LTR1A1_cl5	75	55842	744.56
LTR1A2_cl1	67	37842	564.8
LTR1A2_cl2	128	99922	780.64
LTR1A2_cl3	201	153571	764.03
LTR1A2_cl4	189	146654	775.94
LTR1B0_cl1	24	16705	696.04
LTR1B0_cl2	61	42866	702.72
LTR1B1_cl1	39	27393	702.38
LTR1B1_cl2	34	25154	739.82
LTR1B1_cl3	47	35808	761.87
LTR1B1_cl4	18	13382	743.44
LTR1B_cl1	77	57473	746.4
LTR1B_cl2	37	27391	740.29
LTR1B_cl3	66	48722	738.21
LTR1B_cl4	48	37142	773.79
LTR1B_cl5	41	31961	779.53
LTR1C_cl1	20	13402	670.1
LTR1C_cl2	14	10007	714.78
LTR1C_cl3	21	13717	653.19
LTR1D1_cl1	42	33208	790.66
LTR1D1_cl2	45	36052	801.15
LTR1D1_cl3	117	91561	782.57
LTR1D1_cl4	43	33925	788.95
LTR1D_cl1	82	74420	907.56
LTR1D_cl2	83	70592	850.5
LTR1D_cl3	16	12766	797.87
LTR1D_cl4	9	8059	895.44
LTR1D_cl5	61	54579	894.73
LTR1E_cl1	88	65062	739.34
LTR1E_cl2	56	42737	763.16
LTR1E_cl3	33	26917	815.66
LTR1E_cl4	78	59307	760.34
LTR1F1_cl1	52	38388	738.23
LTR1F1_cl2	40	28936	723.4
LTR1F1_cl3	45	33846	752.13
LTR1F1_cl4	35	24523	700.65
LTR1F2_cl1	30	21663	722.1
LTR1F2_cl2	40	28759	718.97
LTR1F2_cl3	44	30446	691.95
LTR1F_cl1	42	31324	745.8
LTR1F_cl2	18	12056	669.77
LTR1F_cl3	20	13730	686.5
LTR1F_cl4	30	21588	719.6
LTR1_cl1	33	26368	799.03
LTR1_cl2	37	24462	661.13
LTR1_cl3	58	43779	754.81
LTR1_cl4	32	23239	726.21
LTR1_cl5	19	14058	739.89
LTR21A_cl1	19	8699	457.84
LTR21A_cl2	24	11378	474.08
LTR21A_cl3	18	7537	418.72
LTR22A_cl1	45	19369	430.42
LTR22A_cl2	34	15152	445.64
LTR22A_cl3	28	11790	421.07
LTR22B1_cl1	34	15904	467.76
LTR22B1_cl2	37	17902	483.83
LTR22B1_cl3	29	14252	491.44
LTR22B_cl1	38	18353	482.97
LTR22B_cl2	16	7810	488.12
LTR22B_cl3	23	10657	463.34
LTR22B_cl4	39	17240	442.05
LTR22C0_cl1	15	6639	442.6
LTR22C0_cl2	34	16065	472.5
LTR22C0_cl3	24	11577	482.37
LTR22C2_cl1	18	8611	478.38
LTR22C2_cl2	17	7860	462.35
LTR22C2_cl3	22	10401	472.77
LTR22E_cl1	23	10663	463.6
LTR22E_cl2	13	5817	447.46
LTR22E_cl3	27	12724	471.25
LTR22_cl1	29	16216	559.17
LTR22_cl2	29	15797	544.72
LTR22_cl3	13	6814	524.15
LTR23-int_cl1	28	20573	734.75
LTR23-int_cl2	30	18543	618.1
LTR23-int_cl3	21	10709	509.95
LTR23-int_cl4	13	6464	497.23
LTR23_cl1	74	18967	256.31
LTR23_cl2	49	9791	199.81
LTR23_cl3	105	22924	218.32
LTR23_cl4	119	46571	391.35
LTR23_cl5	117	18222	155.74
LTR23_cl6	92	37359	406.07
LTR24B_cl1	77	34986	454.36
LTR24B_cl2	37	11508	311.02
LTR24B_cl3	74	31539	426.2
LTR24B_cl4	50	25657	513.14
LTR24B_cl5	44	14420	327.72
LTR24C_cl1	57	16958	297.5
LTR24C_cl2	41	21475	523.78
LTR24C_cl3	61	20790	340.81
LTR24C_cl4	86	46809	544.29
LTR24_cl1	45	19348	429.95
LTR24_cl2	57	24713	433.56
LTR24_cl3	55	17995	327.18
LTR24_cl4	43	13794	320.79
LTR25-int_cl1	118	229632	1946.03
LTR25-int_cl2	108	206615	1913.1
LTR25-int_cl3	79	146178	1850.35
LTR25_cl1	23	7329	318.65
LTR25_cl2	35	18153	518.65
LTR25_cl3	55	42068	764.87
LTR25_cl4	40	16119	402.97
LTR26B_cl1	22	6904	313.81
LTR26B_cl2	25	9226	369.04
LTR26B_cl3	30	15153	505.1
LTR26B_cl4	13	6452	496.3
LTR26C_cl1	35	18810	537.42
LTR26C_cl2	82	39673	483.81
LTR26C_cl3	43	13022	302.83
LTR26C_cl4	43	12082	280.97
LTR26C_cl5	32	14582	455.68
LTR26D_cl1	29	8992	310.06
LTR26D_cl2	20	4344	217.2
LTR26D_cl3	54	30157	558.46
LTR26D_cl4	38	22177	583.6
LTR26E_cl1	14	5411	386.5
LTR26E_cl2	27	14541	538.55
LTR26E_cl3	23	8833	384.04
LTR26E_cl4	26	12274	472.07
LTR26_cl1	60	23621	393.68
LTR26_cl2	81	38863	479.79
LTR26_cl3	51	29093	570.45
LTR26_cl4	112	64774	578.33
LTR26_cl5	72	31026	430.91
LTR26_cl6	72	40740	565.83
LTR2752_cl1	47	54822	1166.42
LTR2752_cl2	23	26315	1144.13
LTR2752_cl3	25	24581	983.24
LTR2752_cl4	66	104681	1586.07
LTR27B_cl1	21	7799	371.38
LTR27B_cl2	22	14110	641.36
LTR27B_cl3	47	28808	612.93
LTR27B_cl4	21	11543	549.66
LTR27C_cl1	27	18746	694.29
LTR27C_cl2	27	17289	640.33
LTR27C_cl3	35	22984	656.68
LTR27D_cl1	60	36595	609.91
LTR27D_cl2	48	26679	555.81
LTR27D_cl3	26	13578	522.23
LTR27D_cl4	40	16800	420
LTR27E_cl1	26	23021	885.42
LTR27E_cl2	24	22389	932.87
LTR27E_cl3	27	24759	917
LTR27E_cl4	40	37130	928.25
LTR27E_cl5	16	15136	946
LTR27_cl1	67	40588	605.79
LTR27_cl2	43	22297	518.53
LTR27_cl3	40	19324	483.1
LTR27_cl4	109	64277	589.69
LTR28B_cl1	38	31663	833.23
LTR28B_cl2	62	52191	841.79
LTR28B_cl3	5	2479	495.8
LTR28B_cl4	27	24262	898.59
LTR28B_cl5	47	42127	896.31
LTR28B_cl6	26	21153	813.57
LTR28C_cl1	41	38899	948.75
LTR28C_cl2	24	23040	960
LTR28C_cl3	41	41807	1019.68
LTR28C_cl4	43	37475	871.51
LTR28C_cl5	22	16204	736.54
LTR28_cl1	28	23980	856.42
LTR28_cl2	30	24748	824.93
LTR28_cl3	52	46896	901.84
LTR29_cl1	27	14072	521.18
LTR29_cl2	71	20649	290.83
LTR29_cl3	37	15234	411.72
LTR29_cl4	49	16970	346.32
LTR29_cl5	58	24327	419.43
LTR29_cl6	64	35644	556.93
LTR29_cl7	78	24978	320.23
LTR29_cl8	86	37156	432.04
LTR2B_cl1	57	26477	464.5
LTR2B_cl2	32	15145	473.28
LTR2B_cl3	53	25666	484.26
LTR2B_cl4	54	25216	466.96
LTR2C_cl1	43	12932	300.74
LTR2C_cl2	60	27987	466.45
LTR2C_cl3	49	21710	443.06
LTR2_cl1	122	53643	439.69
LTR2_cl2	99	44135	445.8
LTR2_cl3	80	36069	450.86
LTR2_cl4	105	46570	443.52
LTR2_cl5	127	57388	451.87
LTR30_cl1	33	22619	685.42
LTR30_cl2	17	12079	710.52
LTR30_cl3	10	6984	698.4
LTR30_cl4	27	18286	677.25
LTR31_cl1	36	16746	465.16
LTR31_cl2	23	11626	505.47
LTR31_cl3	50	23170	463.4
LTR31_cl4	54	29170	540.18
LTR31_cl5	29	13109	452.03
LTR32_cl1	129	62806	486.86
LTR32_cl2	57	18928	332.07
LTR32_cl3	67	30117	449.5
LTR32_cl4	61	17569	288.01
LTR32_cl5	67	29501	440.31
LTR32_cl6	258	103252	400.2
LTR32_cl7	131	60772	463.9
LTR32_cl8	21	8038	382.76
LTR33A__cl1	50	13482	269.64
LTR33A__cl2	291	77904	267.71
LTR33A__cl3	170	62838	369.63
LTR33A__cl4	302	118432	392.15
LTR33A__cl5	109	31613	290.02
LTR33A__cl6	168	59631	354.94
LTR33A__cl7	199	53996	271.33
LTR33A_cl1	269	107746	400.54
LTR33A_cl2	152	32728	215.31
LTR33A_cl3	256	80962	316.25
LTR33A_cl4	77	18432	239.37
LTR33A_cl5	173	39496	228.3
LTR33A_cl6	335	114518	341.84
LTR33A_cl7	265	77402	292.08
LTR33B_cl1	205	74849	365.11
LTR33B_cl2	107	24389	227.93
LTR33B_cl3	105	29042	276.59
LTR33B_cl4	212	50700	239.15
LTR33B_cl5	234	50841	217.26
LTR33B_cl6	142	36748	258.78
LTR33B_cl7	225	52566	233.62
LTR33C_cl1	65	27297	419.95
LTR33C_cl2	166	42026	253.16
LTR33C_cl3	154	42670	277.07
LTR33C_cl4	91	38632	424.52
LTR33C_cl5	157	67504	429.96
LTR34_cl1	15	5636	375.73
LTR34_cl2	41	21548	525.56
LTR34_cl3	43	23094	537.06
LTR34_cl4	41	15843	386.41
LTR34_cl5	36	23189	644.13
LTR35B_cl1	32	13415	419.21
LTR35B_cl2	18	4554	253
LTR35B_cl3	32	8207	256.46
LTR35B_cl4	26	12637	486.03
LTR35B_cl5	34	14762	434.17
LTR35_cl1	21	8018	381.8
LTR35_cl2	15	8835	589
LTR35_cl3	18	9476	526.44
LTR35_cl4	16	4972	310.75
LTR36_cl1	54	29196	540.66
LTR36_cl2	69	35808	518.95
LTR36_cl3	53	25125	474.05
LTR36_cl4	51	23861	467.86
LTR36_cl5	97	50305	518.6
LTR37-int_cl1	103	53903	523.33
LTR37-int_cl2	114	56292	493.78
LTR37-int_cl3	21	8810	419.52
LTR37-int_cl4	108	62833	581.78
LTR37-int_cl5	203	183970	906.25
LTR37-int_cl6	148	107735	727.93
LTR37A_cl1	304	79338	260.98
LTR37A_cl2	197	59757	303.33
LTR37A_cl3	259	82081	316.91
LTR37A_cl4	255	57547	225.67
LTR37A_cl5	235	80732	343.54
LTR37A_cl6	65	22093	339.89
LTR37B_cl1	265	61938	233.72
LTR37B_cl2	114	31197	273.65
LTR37B_cl3	203	52285	257.56
LTR37B_cl4	393	145876	371.18
LTR37B_cl5	29	7050	243.1
LTR37B_cl6	207	53086	256.45
LTR37B_cl7	156	49316	316.12
LTR38-int_cl1	23	18488	803.82
LTR38-int_cl2	30	26339	877.96
LTR38A1_cl1	36	12691	352.52
LTR38A1_cl2	10	3729	372.9
LTR38A1_cl3	44	18081	410.93
LTR38A1_cl4	20	5878	293.89
LTR38B_cl1	53	26853	506.66
LTR38B_cl2	19	8566	450.84
LTR38B_cl3	58	28199	486.18
LTR38B_cl4	27	14063	520.85
LTR38C_cl1	36	16645	462.36
LTR38C_cl2	30	17779	592.63
LTR38C_cl3	27	11304	418.66
LTR38_cl1	30	14189	472.96
LTR38_cl2	15	5683	378.86
LTR38_cl3	61	28301	463.95
LTR38_cl4	62	30714	495.38
LTR39-int_cl1	14	6770	483.57
LTR39-int_cl2	27	21003	777.88
LTR39-int_cl3	21	15580	741.9
LTR39-int_cl4	27	13633	504.92
LTR39-int_cl5	12	7764	647
LTR39_cl1	70	49998	714.25
LTR39_cl2	220	164658	748.44
LTR39_cl3	37	11246	303.94
LTR39_cl4	136	86403	635.31
LTR39_cl5	99	32818	331.49
LTR39_cl6	149	48249	323.81
LTR39_cl7	100	47635	476.35
LTR3A_cl1	22	9600	436.36
LTR3A_cl2	23	10195	443.26
LTR3A_cl3	15	6163	410.86
LTR3A_cl4	31	13535	436.61
LTR3B__cl1	28	9612	343.28
LTR3B__cl2	44	22207	504.7
LTR3B__cl3	59	26075	441.94
LTR3B__cl4	26	12686	487.92
LTR3B_cl1	17	7334	431.41
LTR3B_cl2	24	9679	403.29
LTR3B_cl3	16	6666	416.62
LTR40A1_cl1	69	27759	402.3
LTR40A1_cl2	24	6665	277.7
LTR40A1_cl3	71	20075	282.74
LTR40A1_cl4	40	11780	294.5
LTR40A1_cl5	87	28100	322.98
LTR40A1_cl6	85	34592	406.96
LTR40a_cl1	163	47368	290.6
LTR40a_cl2	311	151572	487.36
LTR40a_cl3	175	77861	444.92
LTR40a_cl4	332	145928	439.54
LTR40a_cl5	93	41656	447.91
LTR40a_cl6	122	46738	383.09
LTR40a_cl7	207	62741	303.09
LTR40b_cl1	71	24011	338.18
LTR40b_cl2	66	25963	393.37
LTR40b_cl3	53	13836	261.05
LTR40b_cl4	193	61210	317.15
LTR40b_cl5	104	28967	278.52
LTR40b_cl6	140	57181	408.43
LTR40b_cl7	146	58688	401.97
LTR40c_cl1	48	14112	294
LTR40c_cl2	62	24423	393.91
LTR40c_cl3	39	16601	425.66
LTR40c_cl4	70	26989	385.55
LTR40c_cl5	66	21819	330.59
LTR40c_cl6	56	22226	396.89
LTR40c_cl7	115	46134	401.16
LTR41B_cl1	104	69043	663.87
LTR41B_cl2	186	59765	321.31
LTR41B_cl3	62	19096	308
LTR41B_cl4	159	50345	316.63
LTR41B_cl5	79	38851	491.78
LTR41C_cl1	103	31366	304.52
LTR41C_cl2	108	27208	251.92
LTR41C_cl3	118	32160	272.54
LTR41C_cl4	53	30023	566.47
LTR41C_cl5	89	53380	599.77
LTR41C_cl6	38	12997	342.02
LTR41_cl1	94	38537	409.96
LTR41_cl2	162	106162	655.32
LTR41_cl3	97	57035	587.98
LTR41_cl4	135	39233	290.61
LTR41_cl5	113	53588	474.23
LTR41_cl6	95	24236	255.11
LTR42_cl1	19	6321	332.68
LTR42_cl2	77	33565	435.9
LTR42_cl3	65	28621	440.32
LTR42_cl4	49	23198	473.42
LTR42_cl5	35	11408	325.94
LTR43-int_cl1	26	44163	1698.57
LTR43-int_cl2	34	32281	949.44
LTR43-int_cl3	21	18527	882.23
LTR43B_cl1	40	13327	333.17
LTR43B_cl2	43	21039	489.27
LTR43B_cl3	60	19869	331.15
LTR43B_cl4	36	17031	473.08
LTR43_cl1	51	29282	574.15
LTR43_cl2	14	7276	519.71
LTR43_cl3	41	15843	386.41
LTR43_cl4	34	18945	557.2
LTR43_cl5	34	10831	318.55
LTR43_cl6	36	11446	317.94
LTR43_cl7	65	35401	544.63
LTR44_cl1	28	8940	319.28
LTR44_cl2	31	13403	432.35
LTR44_cl3	45	18315	407
LTR44_cl4	56	21078	376.39
LTR45B_cl1	76	30384	399.78
LTR45B_cl2	44	16489	374.75
LTR45B_cl3	43	19298	448.79
LTR45B_cl4	31	6713	216.54
LTR45B_cl5	55	19323	351.32
LTR45B_cl6	89	41802	469.68
LTR45C_cl1	37	18048	487.78
LTR45C_cl2	20	4450	222.5
LTR45C_cl3	38	19125	503.28
LTR45C_cl4	54	26933	498.75
LTR45C_cl5	60	22604	376.73
LTR45C_cl6	65	31385	482.84
LTR45_cl1	22	8027	364.86
LTR45_cl2	21	6519	310.42
LTR45_cl3	40	20193	504.82
LTR45_cl4	34	12600	370.58
LTR46_cl1	27	11459	424.4
LTR46_cl2	36	14191	394.19
LTR46_cl3	39	13385	343.2
LTR46_cl4	57	25132	440.91
LTR47A2_cl1	39	15458	396.35
LTR47A2_cl2	27	7575	280.55
LTR47A2_cl3	27	7065	261.66
LTR47A2_cl4	40	16356	408.9
LTR47A2_cl5	43	16464	382.88
LTR47A_cl1	77	30636	397.87
LTR47A_cl2	103	42185	409.56
LTR47A_cl3	60	19010	316.83
LTR47A_cl4	35	11546	329.88
LTR47A_cl5	44	16833	382.56
LTR47A_cl6	27	10252	379.7
LTR47A_cl7	92	37824	411.13
LTR47A_cl8	54	14192	262.81
LTR47B2_cl1	22	9097	413.5
LTR47B2_cl2	23	8190	356.08
LTR47B2_cl3	30	12499	416.63
LTR47B2_cl4	30	12347	411.56
LTR47B2_cl5	18	7194	399.66
LTR47B3_cl1	18	7099	394.38
LTR47B3_cl2	19	7847	413
LTR47B3_cl3	28	12935	461.96
LTR47B4_cl1	21	8255	393.09
LTR47B4_cl2	18	7039	391.05
LTR47B4_cl3	18	7515	417.5
LTR47B4_cl4	29	11341	391.06
LTR48B_cl1	39	11906	305.28
LTR48B_cl2	68	28131	413.69
LTR48B_cl3	49	18136	370.12
LTR48B_cl4	161	87126	541.15
LTR48B_cl5	87	48574	558.32
LTR48B_cl6	126	70396	558.69
LTR48B_cl7	34	9917	291.67
LTR48B_cl8	100	46531	465.31
LTR48_cl1	112	73074	652.44
LTR48_cl2	142	85859	604.64
LTR48_cl3	80	36354	454.42
LTR48_cl4	92	49168	534.43
LTR48_cl5	65	27684	425.9
LTR48_cl6	93	40237	432.65
LTR48_cl7	62	24031	387.59
LTR49-int_cl1	73	92995	1273.9
LTR49-int_cl2	82	99128	1208.87
LTR49-int_cl3	130	100060	769.69
LTR49-int_cl4	90	52523	583.58
LTR49-int_cl5	76	62973	828.59
LTR49-int_cl6	220	202600	920.9
LTR49-int_cl7	96	74698	778.1
LTR49-int_cl8	149	132520	889.39
LTR49-int_cl9	118	200784	1701.55
LTR49_cl1	130	55046	423.43
LTR49_cl2	71	19352	272.56
LTR49_cl3	120	56159	467.99
LTR49_cl4	112	60049	536.15
LTR49_cl5	97	45683	470.95
LTR49_cl6	41	21524	524.97
LTR49_cl7	178	84588	475.21
LTR49_cl8	79	27807	351.98
LTR49_cl9	41	11638	283.85
LTR4_cl1	6	2946	491
LTR4_cl2	24	13632	568
LTR4_cl3	33	17789	539.06
LTR50_cl1	442	103126	233.31
LTR50_cl2	431	192392	446.38
LTR50_cl3	358	105238	293.96
LTR50_cl4	195	105477	540.9
LTR50_cl5	396	144845	365.77
LTR51_cl1	47	19705	419.25
LTR51_cl2	96	61572	641.37
LTR51_cl3	43	15502	360.51
LTR51_cl4	38	13452	354
LTR51_cl5	83	50585	609.45
LTR52-int_cl1	30	31460	1048.66
LTR52-int_cl2	38	30098	792.05
LTR52-int_cl3	28	33169	1184.6
LTR52_cl1	41	13375	326.21
LTR52_cl2	151	51026	337.92
LTR52_cl3	68	25000	367.64
LTR52_cl4	173	58875	340.31
LTR52_cl5	187	53311	285.08
LTR52_cl6	94	32033	340.77
LTR53-int_cl1	14	16905	1207.5
LTR53-int_cl2	52	71478	1374.57
LTR53-int_cl3	41	37619	917.53
LTR53-int_cl4	50	71999	1439.98
LTR53B_cl1	32	14000	437.5
LTR53B_cl2	45	21137	469.71
LTR53B_cl3	30	13141	438.03
LTR53B_cl4	28	12854	459.07
LTR53B_cl5	18	7887	438.16
LTR53_cl1	39	15526	398.1
LTR53_cl2	57	26097	457.84
LTR53_cl3	125	53602	428.81
LTR53_cl4	81	38956	480.93
LTR53_cl5	67	25781	384.79
LTR54B_cl1	107	46002	429.92
LTR54B_cl2	121	51243	423.49
LTR54B_cl3	39	10237	262.48
LTR54B_cl4	96	34405	358.38
LTR54B_cl5	132	46129	349.46
LTR54B_cl6	75	24235	323.13
LTR54_cl1	144	58373	405.36
LTR54_cl2	114	48029	421.3
LTR54_cl3	75	16792	223.89
LTR54_cl4	138	66181	479.57
LTR54_cl5	77	17597	228.53
LTR54_cl6	56	18458	329.6
LTR54_cl7	111	24491	220.63
LTR54_cl8	59	13570	230
LTR55_cl1	81	37471	462.6
LTR55_cl2	48	22963	478.39
LTR55_cl3	38	17302	455.31
LTR55_cl4	77	36272	471.06
LTR55_cl5	49	17558	358.32
LTR55_cl6	15	7301	486.73
LTR56_cl1	41	10593	258.36
LTR56_cl2	79	24789	313.78
LTR56_cl3	152	53830	354.14
LTR56_cl4	122	45027	369.07
LTR56_cl5	62	22236	358.64
LTR56_cl6	129	46739	362.31
LTR56_cl7	104	39418	379.01
LTR57-int_cl1	63	73766	1170.88
LTR57-int_cl2	37	43106	1165.02
LTR57-int_cl3	59	68195	1155.84
LTR57_cl1	34	10069	296.14
LTR57_cl2	80	30400	380
LTR57_cl3	31	7984	257.54
LTR57_cl4	45	17620	391.55
LTR59_cl1	23	10447	454.21
LTR59_cl2	17	9260	544.7
LTR59_cl3	16	6009	375.56
LTR59_cl4	18	7790	432.77
LTR5A_cl1	40	40101	1002.52
LTR5A_cl2	50	49115	982.3
LTR5A_cl3	26	26498	1019.15
LTR5A_cl4	58	58069	1001.18
LTR5A_cl5	35	34059	973.11
LTR5B_cl1	44	40222	914.13
LTR5B_cl2	109	102204	937.65
LTR5B_cl3	82	80080	976.58
LTR5B_cl4	73	66400	909.58
LTR5_Hs_cl1	86	81902	952.34
LTR5_Hs_cl2	60	55092	918.2
LTR5_Hs_cl3	87	83438	959.05
LTR5_Hs_cl4	130	125318	963.98
LTR5_Hs_cl5	109	102781	942.94
LTR5_Hs_cl6	51	47603	933.39
LTR60B_cl1	19	12262	645.36
LTR60B_cl2	24	8514	354.75
LTR60B_cl3	34	19160	563.52
LTR60B_cl4	33	16221	491.54
LTR60B_cl5	48	34633	721.52
LTR61_cl1	18	8440	468.88
LTR61_cl2	26	12378	476.07
LTR61_cl3	23	12105	526.3
LTR61_cl4	10	5035	503.5
LTR62_cl1	44	28788	654.27
LTR62_cl2	60	38758	645.96
LTR62_cl3	36	12759	354.41
LTR62_cl4	43	29505	686.16
LTR62_cl5	37	14772	399.24
LTR64_cl1	67	31522	470.47
LTR64_cl2	42	8791	209.3
LTR64_cl3	71	19140	269.57
LTR64_cl4	64	26608	415.75
LTR64_cl5	39	16689	427.92
LTR65_cl1	63	27758	440.6
LTR65_cl2	42	17923	426.73
LTR65_cl3	64	17545	274.14
LTR65_cl4	26	9515	365.96
LTR65_cl5	55	12052	219.12
LTR65_cl6	47	26147	556.31
LTR66_cl1	46	20367	442.76
LTR66_cl2	29	17822	614.55
LTR66_cl3	35	21731	620.88
LTR66_cl4	27	8913	330.11
LTR67B_cl1	542	120736	222.76
LTR67B_cl2	873	203888	233.54
LTR67B_cl3	428	106342	248.46
LTR67B_cl4	146	49318	337.79
LTR67B_cl5	529	197638	373.6
LTR68_cl1	24	5223	217.62
LTR68_cl2	69	34138	494.75
LTR68_cl3	55	21392	388.94
LTR68_cl4	25	8833	353.32
LTR68_cl5	36	10902	302.83
LTR68_cl6	32	11178	349.31
LTR69_cl1	29	15069	519.62
LTR69_cl2	19	8054	423.89
LTR69_cl3	16	5381	336.31
LTR69_cl4	22	10708	486.72
LTR69_cl5	21	10733	511.09
LTR6A_cl1	61	37567	615.85
LTR6A_cl2	44	22724	516.45
LTR6A_cl3	69	38296	555.01
LTR6B_cl1	36	18783	521.75
LTR6B_cl2	26	13868	533.38
LTR6B_cl3	34	17806	523.7
LTR70_cl1	32	29406	918.93
LTR70_cl2	35	31163	890.37
LTR70_cl3	23	20254	880.6
LTR71A_cl1	29	12735	439.13
LTR71A_cl2	28	12284	438.71
LTR71A_cl3	25	10646	425.84
LTR71B_cl1	49	26255	535.81
LTR71B_cl2	27	11823	437.88
LTR71B_cl3	27	15229	564.03
LTR71B_cl4	26	13102	503.92
LTR71B_cl5	22	13669	621.31
LTR72B_cl1	18	8441	468.94
LTR72B_cl2	16	6773	423.31
LTR72B_cl3	20	8992	449.6
LTR72B_cl4	25	9257	370.28
LTR72B_cl5	32	13299	415.59
LTR72_cl1	21	9442	449.61
LTR72_cl2	31	13973	450.74
LTR72_cl3	30	14314	477.13
LTR72_cl4	14	4320	308.57
LTR72_cl5	20	9398	469.9
LTR73_cl1	70	35297	504.24
LTR73_cl2	24	7353	306.37
LTR73_cl3	42	21177	504.21
LTR73_cl4	29	14055	484.65
LTR75B_cl1	32	12306	384.56
LTR75B_cl2	31	14949	482.22
LTR75B_cl3	36	14806	411.27
LTR75B_cl4	28	11424	408
LTR75_1_cl1	20	8158	407.9
LTR75_1_cl2	13	6122	470.92
LTR75_1_cl3	27	11036	408.74
LTR75_1_cl4	26	11896	457.53
LTR75_cl1	87	31512	362.2
LTR75_cl2	44	15717	357.2
LTR75_cl3	43	22369	520.2
LTR75_cl4	39	17896	458.87
LTR76_cl1	40	25716	642.9
LTR76_cl2	36	22489	624.69
LTR76_cl3	59	34518	585.05
LTR77_cl1	21	12792	609.14
LTR77_cl2	25	14400	576
LTR77_cl3	37	21356	577.18
LTR78B_cl1	527	112106	212.72
LTR78B_cl2	274	69260	252.77
LTR78B_cl3	674	214894	318.83
LTR78B_cl4	310	64641	208.51
LTR78B_cl5	617	197674	320.37
LTR7B_cl1	52	19158	368.42
LTR7B_cl2	42	18094	430.8
LTR7B_cl3	67	29552	441.07
LTR7B_cl4	162	68810	424.75
LTR7B_cl5	25	8716	348.64
LTR7B_cl6	58	31153	537.12
LTR7C_cl1	24	10008	417
LTR7C_cl2	47	21085	448.61
LTR7C_cl3	60	25954	432.56
LTR7C_cl4	25	11132	445.28
LTR7C_cl5	37	16888	456.43
LTR7_cl1	59	26873	455.47
LTR7_cl2	64	29524	461.31
LTR7_cl3	57	22615	396.75
LTR7_cl4	88	38245	434.6
LTR7_cl5	71	28365	399.5
LTR7_cl6	114	46075	404.16
LTR7_cl7	60	23443	390.71
LTR7_cl8	143	54844	383.52
LTR80A_cl1	33	12987	393.54
LTR80A_cl2	49	20507	418.51
LTR80A_cl3	70	26835	383.35
LTR80A_cl4	110	44694	406.3
LTR80A_cl5	34	12351	363.26
LTR80B_cl1	52	20862	401.19
LTR80B_cl2	34	13453	395.67
LTR80B_cl3	46	20751	451.1
LTR80B_cl4	64	27445	428.82
LTR80B_cl5	56	17923	320.05
LTR80B_cl6	117	44118	377.07
LTR81AB_cl1	27	5346	198
LTR81AB_cl2	40	6146	153.65
LTR81AB_cl3	46	8402	182.65
LTR81AB_cl4	55	11311	205.65
LTR81AB_cl5	48	9839	204.97
LTR81A_cl1	131	34024	259.72
LTR81A_cl2	157	51621	328.79
LTR81A_cl3	205	49857	243.2
LTR81A_cl4	145	40323	278.08
LTR81B_cl1	143	37517	262.35
LTR81B_cl2	171	40663	237.79
LTR81B_cl3	184	55015	298.99
LTR81B_cl4	173	41589	240.39
LTR81B_cl5	113	32795	290.22
LTR81B_cl6	103	33932	329.43
LTR81C_cl1	148	36475	246.45
LTR81C_cl2	59	15924	269.89
LTR81C_cl3	113	36242	320.72
LTR81C_cl4	92	23207	252.25
LTR81C_cl5	141	47272	335.26
LTR81_cl1	40	10822	270.55
LTR81_cl2	56	14197	253.51
LTR81_cl3	23	5231	227.43
LTR81_cl4	36	11510	319.72
LTR81_cl5	40	10500	262.5
LTR81_cl6	23	6174	268.43
LTR82A_cl1	86	51006	593.09
LTR82A_cl2	117	59964	512.51
LTR82A_cl3	36	13611	378.08
LTR82A_cl4	74	33537	453.2
LTR82A_cl5	167	63583	380.73
LTR82A_cl6	216	82804	383.35
LTR82B_cl1	94	34258	364.44
LTR82B_cl2	110	46360	421.45
LTR82B_cl3	268	79861	297.98
LTR82B_cl4	134	40873	305.02
LTR82B_cl5	58	21459	369.98
LTR82B_cl6	153	80175	524.01
LTR83_cl1	17	4345	255.58
LTR83_cl2	167	44202	264.68
LTR83_cl3	95	34035	358.26
LTR83_cl4	169	45920	271.71
LTR83_cl5	77	33921	440.53
LTR84a_cl1	84	22129	263.44
LTR84a_cl2	119	33220	279.15
LTR84a_cl3	131	37083	283.07
LTR84a_cl4	54	13992	259.11
LTR84a_cl5	88	22019	250.21
LTR84a_cl6	16	3974	248.37
LTR84b_cl1	127	35502	279.54
LTR84b_cl2	144	38775	269.27
LTR84b_cl3	87	21194	243.6
LTR84b_cl4	92	21426	232.89
LTR84b_cl5	201	55261	274.93
LTR84b_cl6	109	30959	284.02
LTR84b_cl7	208	66177	318.15
LTR84b_cl8	19	4519	237.84
LTR85a_cl1	370	72060	194.75
LTR85a_cl2	284	69979	246.4
LTR85a_cl3	277	62665	226.22
LTR85a_cl4	325	83009	255.41
LTR85a_cl5	175	37720	215.54
LTR85b_cl1	93	20581	221.3
LTR85b_cl2	93	32660	351.18
LTR85b_cl3	209	61061	292.15
LTR85b_cl4	162	38979	240.61
LTR85b_cl5	199	43839	220.29
LTR85b_cl6	136	34026	250.19
LTR85c_cl1	229	55741	243.41
LTR85c_cl2	211	48495	229.83
LTR85c_cl3	31	7888	254.45
LTR85c_cl4	210	49084	233.73
LTR85c_cl5	219	51555	235.41
LTR86A1_cl1	71	21014	295.97
LTR86A1_cl2	94	26745	284.52
LTR86A1_cl3	41	12860	313.65
LTR86A1_cl4	97	28632	295.17
LTR86A1_cl5	113	32851	290.71
LTR86A2_cl1	30	8263	275.43
LTR86A2_cl2	39	10166	260.66
LTR86A2_cl3	29	7919	273.06
LTR86A2_cl4	54	16599	307.38
LTR86A2_cl5	37	10608	286.7
LTR86A2_cl6	44	11797	268.11
LTR86B1_cl1	27	7712	285.62
LTR86B1_cl2	98	24978	254.87
LTR86B1_cl3	55	13755	250.09
LTR86B1_cl4	56	17110	305.53
LTR86B2_cl1	26	7132	274.3
LTR86B2_cl2	65	18270	281.07
LTR86B2_cl3	81	22766	281.06
LTR86B2_cl4	39	11348	290.97
LTR86C_cl1	35	10780	308
LTR86C_cl2	63	20958	332.66
LTR86C_cl3	50	19120	382.4
LTR86C_cl4	67	22123	330.19
LTR87_cl1	55	26781	486.92
LTR87_cl2	82	34619	422.18
LTR87_cl3	55	27621	502.2
LTR87_cl4	28	11523	411.53
LTR87_cl5	108	42419	392.76
LTR87_cl6	114	41674	365.56
LTR88a_cl1	215	40524	188.48
LTR88a_cl2	138	25473	184.58
LTR88a_cl3	58	10209	176.01
LTR88a_cl4	125	28155	225.24
LTR88a_cl5	107	20324	189.94
LTR88a_cl6	84	16434	195.64
LTR88b_cl1	214	42644	199.27
LTR88b_cl2	227	57507	253.33
LTR88b_cl3	224	46690	208.43
LTR88b_cl4	239	48801	204.18
LTR88b_cl5	167	36786	220.27
LTR88b_cl6	207	43125	208.33
LTR88c_cl1	132	23197	175.73
LTR88c_cl2	186	35034	188.35
LTR88c_cl3	48	8318	173.29
LTR88c_cl4	207	33359	161.15
LTR88c_cl5	183	32075	175.27
LTR88c_cl6	139	22066	158.74
LTR89B_cl1	60	11725	195.41
LTR89B_cl2	90	18697	207.74
LTR89B_cl3	121	26209	216.6
LTR89B_cl4	159	29396	184.88
LTR89B_cl5	60	14725	245.41
LTR89B_cl6	106	18533	174.83
LTR89_cl1	150	33786	225.24
LTR89_cl2	91	21754	239.05
LTR89_cl3	151	37673	249.49
LTR89_cl4	292	71259	244.03
LTR89_cl5	165	35371	214.36
LTR8A_cl1	47	33694	716.89
LTR8A_cl2	71	34417	484.74
LTR8A_cl3	88	34471	391.71
LTR8A_cl4	240	158687	661.19
LTR8A_cl5	161	103548	643.15
LTR8A_cl6	56	38268	683.35
LTR8A_cl7	230	155765	677.23
LTR8A_cl8	116	43112	371.65
LTR8B_cl1	164	119439	728.28
LTR8B_cl2	194	137382	708.15
LTR8B_cl3	68	32072	471.64
LTR8B_cl4	124	53357	430.29
LTR8B_cl5	182	132087	725.75
LTR8B_cl6	173	125114	723.2
LTR8B_cl7	124	53974	435.27
LTR8B_cl8	91	54238	596.02
LTR8_cl1	331	236749	715.25
LTR8_cl10	299	201685	674.53
LTR8_cl11	116	63736	549.44
LTR8_cl2	73	28525	390.75
LTR8_cl3	98	45489	464.17
LTR8_cl4	228	96340	422.54
LTR8_cl5	385	267149	693.89
LTR8_cl6	56	23787	424.76
LTR8_cl7	211	57483	272.43
LTR8_cl8	214	147947	691.34
LTR8_cl9	269	158436	588.98
LTR90A_cl1	133	22829	171.64
LTR90A_cl2	99	20189	203.92
LTR90A_cl3	56	9635	172.05
LTR90A_cl4	50	10713	214.26
LTR90B_cl1	215	30670	142.65
LTR90B_cl2	217	40909	188.52
LTR90B_cl3	41	7030	171.46
LTR9A1_cl1	76	47160	620.52
LTR9A1_cl2	35	14800	422.85
LTR9A1_cl3	32	11100	346.87
LTR9A1_cl4	116	74553	642.69
LTR9A1_cl5	78	45673	585.55
LTR9B_cl1	57	30010	526.49
LTR9B_cl2	66	40325	610.98
LTR9B_cl3	30	9324	310.8
LTR9B_cl4	64	38002	593.78
LTR9B_cl5	77	44846	582.41
LTR9B_cl6	35	19687	562.48
LTR9B_cl7	21	6619	315.19
LTR9C_cl1	21	12351	588.14
LTR9C_cl2	25	12733	509.32
LTR9C_cl3	30	17318	577.26
LTR9D_cl1	64	40352	630.5
LTR9D_cl2	77	38144	495.37
LTR9D_cl3	42	16686	397.28
LTR9D_cl4	112	65916	588.53
LTR9D_cl5	70	38097	544.24
LTR9D_cl6	153	93539	611.36
LTR9_cl1	126	69490	551.5
LTR9_cl2	101	59547	589.57
LTR9_cl3	76	44484	585.31
LTR9_cl4	46	26376	573.39
LTR9_cl5	157	86780	552.73
MER101-int_cl1	91	78424	861.8
MER101-int_cl2	100	104511	1045.1
MER101-int_cl3	116	150231	1295.09
MER101-int_cl4	64	44390	693.59
MER101-int_cl5	102	91020	892.35
MER101-int_cl6	63	56881	902.87
MER101B_cl1	73	17813	244.01
MER101B_cl2	52	19102	367.34
MER101B_cl3	61	30538	500.62
MER101_cl1	48	18540	386.25
MER101_cl2	46	17457	379.5
MER101_cl3	55	24592	447.12
MER101_cl4	37	13174	356.05
MER101_cl5	52	20480	393.84
MER110-int_cl1	22	14970	680.45
MER110-int_cl2	44	36037	819.02
MER110-int_cl3	25	25238	1009.52
MER110-int_cl4	35	23868	681.94
MER110-int_cl5	38	31639	832.6
MER110-int_cl6	41	38260	933.17
MER110A_cl1	112	43685	390.04
MER110A_cl2	93	33068	355.56
MER110A_cl3	25	6821	272.83
MER110A_cl4	93	25198	270.94
MER110A_cl5	123	41938	340.95
MER110_cl1	27	6224	230.51
MER110_cl2	111	43403	391.01
MER110_cl3	90	23115	256.83
MER110_cl4	177	55691	314.63
MER110_cl5	63	18526	294.06
MER110_cl6	99	30503	308.11
MER11A_cl1	95	98701	1038.95
MER11A_cl2	88	94678	1075.88
MER11A_cl3	75	75114	1001.52
MER11A_cl4	156	157254	1008.03
MER11A_cl5	161	163735	1016.98
MER11A_cl6	94	97655	1038.88
MER11A_cl7	134	142793	1065.61
MER11B_cl1	92	96270	1046.41
MER11B_cl2	59	60755	1029.74
MER11B_cl3	94	98068	1043.27
MER11B_cl4	99	104162	1052.14
MER11B_cl5	90	92970	1033
MER11C_cl1	71	72402	1019.74
MER11C_cl10	111	116857	1052.76
MER11C_cl2	69	73407	1063.86
MER11C_cl3	86	83863	975.15
MER11C_cl4	139	147225	1059.17
MER11C_cl5	55	57840	1051.63
MER11C_cl6	77	80744	1048.62
MER11C_cl7	62	65789	1061.11
MER11C_cl8	95	100894	1062.04
MER11C_cl9	1	2163	2163
MER11D_cl1	22	17532	796.9
MER11D_cl2	53	44563	840.81
MER11D_cl3	44	38608	877.45
MER11D_cl4	62	54910	885.64
MER21-int_cl1	118	126292	1070.27
MER21-int_cl2	63	54426	863.9
MER21-int_cl3	56	55951	999.12
MER21-int_cl4	83	59274	714.14
MER21-int_cl5	91	74509	818.78
MER21-int_cl6	73	135452	1855.5
MER21-int_cl7	87	81042	931.51
MER21A_cl1	86	40141	466.75
MER21A_cl2	93	33163	356.59
MER21A_cl3	178	132766	745.87
MER21A_cl4	61	45205	741.06
MER21A_cl5	244	213211	873.81
MER21A_cl6	10	3917	391.7
MER21A_cl7	43	15195	353.37
MER21A_cl8	247	109830	444.65
MER21A_cl9	83	60750	731.92
MER21B_cl1	355	143971	405.55
MER21B_cl10	177	131515	743.02
MER21B_cl2	23	10943	475.78
MER21B_cl3	20	6828	341.4
MER21B_cl4	155	121471	783.68
MER21B_cl5	269	99715	370.68
MER21B_cl6	241	158165	656.28
MER21B_cl7	220	172744	785.2
MER21B_cl8	253	192433	760.6
MER21B_cl9	73	50928	697.64
MER31-int_cl1	73	76663	1050.17
MER31-int_cl2	100	73160	731.6
MER31-int_cl3	28	31607	1128.82
MER31-int_cl4	97	117251	1208.77
MER31-int_cl5	114	93531	820.44
MER31-int_cl6	121	106198	877.66
MER31A_cl1	67	16130	240.74
MER31A_cl2	110	34968	317.89
MER31A_cl3	162	74189	457.95
MER31A_cl4	173	72592	419.6
MER31A_cl5	198	87920	444.04
MER31A_cl6	169	72261	427.57
MER31A_cl7	84	30185	359.34
MER31B_cl1	116	47110	406.12
MER31B_cl2	83	30880	372.04
MER31B_cl3	170	51057	300.33
MER31B_cl4	87	24472	281.28
MER31B_cl5	193	71366	369.77
MER31B_cl6	109	45365	416.19
MER31B_cl7	199	79656	400.28
MER31B_cl8	160	65138	407.11
MER34-int_cl1	29	36984	1275.31
MER34-int_cl2	15	11799	786.6
MER34-int_cl3	53	48786	920.49
MER34-int_cl4	46	28553	620.71
MER34-int_cl5	49	61621	1257.57
MER34A1_cl1	55	22916	416.65
MER34A1_cl2	94	50210	534.14
MER34A1_cl3	62	29932	482.77
MER34A1_cl4	52	13803	265.44
MER34A1_cl5	73	18260	250.13
MER34A1_cl6	46	12660	275.21
MER34A1_cl7	44	22909	520.65
MER34A1_cl8	43	19595	455.69
MER34A1_cl9	33	9747	295.36
MER34A_cl1	60	26653	444.21
MER34A_cl2	102	53694	526.41
MER34A_cl3	102	28336	277.8
MER34A_cl4	127	31681	249.45
MER34A_cl5	282	138676	491.75
MER34A_cl6	207	65220	315.07
MER34B-int_cl1	43	26807	623.41
MER34B-int_cl2	70	50876	726.8
MER34B-int_cl3	38	27597	726.23
MER34B-int_cl4	63	38823	616.23
MER34B-int_cl5	73	73590	1008.08
MER34B_cl1	60	17351	289.18
MER34B_cl2	139	72919	524.59
MER34B_cl3	88	33099	376.12
MER34B_cl4	61	30768	504.39
MER34B_cl5	58	17165	295.94
MER34B_cl6	57	25555	448.33
MER34C2_cl1	43	18353	426.81
MER34C2_cl2	42	15455	367.97
MER34C2_cl3	74	33272	449.62
MER34C2_cl4	85	44424	522.63
MER34C2_cl5	102	38146	373.98
MER34C__cl1	111	59829	539
MER34C__cl2	31	13173	424.93
MER34C__cl3	102	32849	322.04
MER34C__cl4	53	26819	506.01
MER34C__cl5	24	13256	552.33
MER34C__cl6	52	13948	268.23
MER34C_cl1	29	7921	273.13
MER34C_cl2	27	8149	301.81
MER34C_cl3	14	3302	235.85
MER34C_cl4	27	13853	513.07
MER34C_cl5	28	6115	218.39
MER34D_cl1	28	8742	312.21
MER34D_cl2	16	8539	533.68
MER34D_cl3	46	24623	535.28
MER34D_cl4	44	19599	445.43
MER34D_cl5	34	16091	473.26
MER34_cl1	56	26958	481.39
MER34_cl2	156	65005	416.69
MER34_cl3	161	71767	445.75
MER34_cl4	92	42355	460.38
MER34_cl5	90	32451	360.56
MER34_cl6	65	17939	275.98
MER34_cl7	81	20989	259.12
MER34_cl8	95	45699	481.04
MER34_cl9	36	9099	252.75
MER39B_cl1	130	35208	270.83
MER39B_cl2	111	68713	619.03
MER39B_cl3	166	99808	601.25
MER39B_cl4	67	28430	424.32
MER39B_cl5	208	125142	601.64
MER39B_cl6	61	15772	258.55
MER39B_cl7	115	41766	363.18
MER39_cl1	177	51055	288.44
MER39_cl10	530	233202	440
MER39_cl2	156	88662	568.34
MER39_cl3	331	89052	269.03
MER39_cl4	141	82196	582.95
MER39_cl5	245	148862	607.6
MER39_cl6	129	54279	420.76
MER39_cl7	93	24468	263.09
MER39_cl8	163	45999	282.2
MER39_cl9	343	157211	458.34
MER4-int_cl1	96	116275	1211.19
MER4-int_cl2	110	117015	1063.77
MER4-int_cl3	102	97577	956.63
MER4-int_cl4	66	170724	2586.72
MER4-int_cl5	116	100897	869.8
MER4-int_cl6	305	445970	1462.19
MER4-int_cl7	118	190792	1616.88
MER4-int_cl8	144	181407	1259.77
MER4-int_cl9	157	391402	2493
MER41-int_cl1	101	178979	1772.06
MER41-int_cl2	138	231128	1674.84
MER41-int_cl3	7	8203	1171.85
MER41-int_cl4	87	122232	1404.96
MER41-int_cl5	93	214401	2305.38
MER41-int_cl6	108	159854	1480.12
MER41-int_cl7	51	221843	4349.86
MER41-int_cl8	138	149193	1081.1
MER41A_cl1	89	24637	276.82
MER41A_cl2	139	39907	287.1
MER41A_cl3	20	4935	246.75
MER41A_cl4	277	149251	538.81
MER41A_cl5	87	45895	527.52
MER41A_cl6	220	89769	408.04
MER41A_cl7	187	98433	526.37
MER41A_cl8	442	241589	546.58
MER41A_cl9	157	85209	542.73
MER41B_cl1	103	30800	299.02
MER41B_cl2	284	126031	443.77
MER41B_cl3	242	146008	603.33
MER41B_cl4	207	128503	620.78
MER41B_cl5	130	39171	301.31
MER41B_cl6	220	132960	604.36
MER41B_cl7	318	195327	614.23
MER41B_cl8	184	90761	493.26
MER41C_cl1	102	52414	513.86
MER41C_cl2	88	24816	282
MER41C_cl3	82	24497	298.74
MER41C_cl4	59	20761	351.88
MER41C_cl5	63	28270	448.73
MER41C_cl6	134	69407	517.96
MER41D_cl1	73	21007	287.76
MER41D_cl2	54	9760	180.74
MER41D_cl3	76	39003	513.19
MER41D_cl4	68	36030	529.85
MER41D_cl5	95	26714	281.2
MER41E_cl1	44	14148	321.54
MER41E_cl2	47	13852	294.72
MER41E_cl3	32	17373	542.9
MER41E_cl4	52	28689	551.71
MER41E_cl5	87	48563	558.19
MER41E_cl6	15	2980	198.66
MER41G_cl1	27	15764	583.85
MER41G_cl2	31	14553	469.45
MER41G_cl3	6	1775	295.83
MER41G_cl4	20	8871	443.55
MER48_cl1	34	13152	386.82
MER48_cl2	22	9230	419.54
MER48_cl3	27	10133	375.29
MER48_cl4	14	4869	347.78
MER49_cl1	137	117729	859.33
MER49_cl2	245	94163	384.33
MER49_cl3	78	59222	759.25
MER49_cl4	52	26217	504.17
MER49_cl5	125	106578	852.62
MER49_cl6	192	84285	438.98
MER4A1__cl1	66	35916	544.18
MER4A1__cl2	58	33910	584.65
MER4A1__cl3	92	47265	513.75
MER4A1__cl4	5	2368	473.6
MER4A1__cl5	98	55281	564.09
MER4A1__cl6	12	4252	354.33
MER4A1_cl1	138	58719	425.5
MER4A1_cl2	230	103031	447.96
MER4A1_cl3	141	37602	266.68
MER4A1_cl4	131	36676	279.96
MER4A1_cl5	218	97405	446.81
MER4A1_cl6	99	40040	404.44
MER4A1_cl7	171	77560	453.56
MER4A1_cl8	256	114904	448.84
MER4A_cl1	51	30994	607.72
MER4A_cl2	108	63280	585.92
MER4A_cl3	116	76873	662.69
MER4A_cl4	100	57067	570.66
MER4A_cl5	101	35943	355.87
MER4A_cl6	114	41212	361.5
MER4B-int_cl1	92	89710	975.1
MER4B-int_cl2	87	71295	819.48
MER4B-int_cl3	146	170456	1167.5
MER4B-int_cl4	59	134202	2274.61
MER4B-int_cl5	122	133529	1094.5
MER4B-int_cl6	136	159639	1173.81
MER4B_cl1	80	27490	343.62
MER4B_cl2	78	45413	582.21
MER4B_cl3	212	123822	584.06
MER4B_cl4	248	141633	571.1
MER4B_cl5	82	45936	560.19
MER4B_cl6	143	45105	315.41
MER4B_cl7	228	134067	588.01
MER4B_cl8	69	22360	324.05
MER4B_cl9	104	32118	308.82
MER4CL34_cl1	104	58550	562.98
MER4CL34_cl2	137	72601	529.93
MER4CL34_cl3	97	58170	599.69
MER4CL34_cl4	70	22674	323.91
MER4CL34_cl5	135	63830	472.81
MER4CL34_cl6	65	26543	408.35
MER4C_cl1	69	19523	282.94
MER4C_cl2	40	16731	418.27
MER4C_cl3	131	59309	452.74
MER4C_cl4	60	25805	430.08
MER4C_cl5	81	36130	446.04
MER4C_cl6	52	14776	284.15
MER4D0_cl1	63	24178	383.77
MER4D0_cl2	49	39563	807.4
MER4D0_cl3	62	25633	413.43
MER4D0_cl4	75	61995	826.6
MER4D1_cl1	137	115325	841.78
MER4D1_cl2	169	75538	446.97
MER4D1_cl3	197	85843	435.75
MER4D1_cl4	136	56829	417.86
MER4D1_cl5	106	88585	835.7
MER4D1_cl6	45	17126	380.57
MER4D1_cl7	126	102526	813.69
MER4D1_cl8	90	74081	823.12
MER4D_cl1	113	97040	858.76
MER4D_cl2	174	78833	453.06
MER4D_cl3	163	69553	426.7
MER4D_cl4	42	15518	369.47
MER4D_cl5	174	148131	851.32
MER4D_cl6	94	36342	386.61
MER4D_cl7	114	40804	357.92
MER4E1_cl1	130	99044	761.87
MER4E1_cl2	45	32289	717.53
MER4E1_cl3	153	57580	376.33
MER4E1_cl4	58	41885	722.15
MER4E1_cl5	199	78362	393.77
MER4E1_cl6	108	81703	756.5
MER4E_cl1	81	44942	554.83
MER4E_cl2	93	68801	739.79
MER4E_cl3	107	79894	746.67
MER4E_cl4	45	20673	459.4
MER4E_cl5	65	23649	363.83
MER4E_cl6	67	33279	496.7
MER4E_cl7	49	28529	582.22
MER50-int_cl1	49	67629	1380.18
MER50-int_cl2	52	105674	2032.19
MER50-int_cl3	29	41912	1445.24
MER50-int_cl4	54	151722	2809.66
MER50-int_cl5	36	120511	3347.52
MER50B_cl1	118	78190	662.62
MER50B_cl2	76	31342	412.39
MER50B_cl3	78	31653	405.8
MER50B_cl4	39	26177	671.2
MER50B_cl5	54	38577	714.38
MER50B_cl6	126	85125	675.59
MER50_cl1	190	125057	658.19
MER50_cl10	107	61919	578.68
MER50_cl2	201	125705	625.39
MER50_cl3	152	106041	697.63
MER50_cl4	175	119562	683.21
MER50_cl5	105	37818	360.17
MER50_cl6	105	69613	662.98
MER50_cl7	129	63660	493.48
MER50_cl8	164	64542	393.54
MER50_cl9	201	139595	694.5
MER51-int_cl1	44	57408	1304.72
MER51-int_cl2	53	77016	1453.13
MER51-int_cl3	47	59588	1267.82
MER51-int_cl4	52	83920	1613.84
MER51-int_cl5	50	108919	2178.38
MER51A_cl1	48	21326	444.29
MER51A_cl2	127	67559	531.96
MER51A_cl3	175	86858	496.33
MER51A_cl4	43	16934	393.81
MER51A_cl5	108	64036	592.92
MER51A_cl6	181	100973	557.86
MER51B_cl1	52	20450	393.26
MER51B_cl2	23	8213	357.08
MER51B_cl3	95	33200	349.47
MER51B_cl4	51	18492	362.58
MER51B_cl5	49	17710	361.42
MER51B_cl6	101	37695	373.21
MER51B_cl7	73	22111	302.89
MER51C_cl1	22	13248	602.18
MER51C_cl2	4	2259	564.75
MER51C_cl3	53	26333	496.84
MER51C_cl4	42	23051	548.83
MER51D_cl1	19	11859	624.15
MER51D_cl2	41	10818	263.85
MER51D_cl3	29	9874	340.48
MER51E_cl1	54	24266	449.37
MER51E_cl2	34	14043	413.02
MER51E_cl3	8	2367	295.87
MER51E_cl4	45	20993	466.51
MER52-int_cl1	50	122086	2441.71
MER52-int_cl2	35	57867	1653.34
MER52-int_cl3	52	100636	1935.3
MER52-int_cl4	81	321024	3963.25
MER52A_cl1	42	42451	1010.73
MER52A_cl2	128	163298	1275.76
MER52A_cl3	198	307316	1552.1
MER52A_cl4	207	305737	1476.99
MER52A_cl5	111	182383	1643.09
MER52A_cl6	127	191682	1509.3
MER52A_cl7	165	271081	1642.91
MER52A_cl8	52	62275	1197.59
MER52A_cl9	7	7092	1013.14
MER52C_cl1	54	60614	1122.48
MER52C_cl2	37	36766	993.67
MER52C_cl3	53	60896	1148.98
MER52C_cl4	76	78273	1029.9
MER52C_cl5	42	47505	1131.07
MER52D_cl1	47	55119	1172.74
MER52D_cl2	56	95071	1697.69
MER52D_cl3	81	147002	1814.83
MER52D_cl4	60	67844	1130.73
MER52D_cl5	71	103348	1455.6
MER52D_cl6	18	28631	1590.61
MER54A_cl1	69	32419	469.84
MER54A_cl2	74	27820	375.94
MER54A_cl3	34	13455	395.73
MER54A_cl4	34	13674	402.17
MER54A_cl5	53	35466	669.16
MER54A_cl6	84	67517	803.77
MER54A_cl7	84	33095	393.98
MER54A_cl8	78	64273	824.01
MER54B_cl1	69	29400	426.08
MER54B_cl2	84	63294	753.5
MER54B_cl3	47	14494	308.38
MER54B_cl4	56	33004	589.35
MER54B_cl5	51	18964	371.84
MER57-int_cl1	59	84247	1427.91
MER57-int_cl2	91	147944	1625.75
MER57-int_cl3	48	51353	1069.85
MER57-int_cl4	99	178268	1800.68
MER57-int_cl5	77	169935	2206.94
MER57-int_cl6	64	94351	1474.23
MER57-int_cl7	97	244719	2522.87
MER57A-int_cl1	54	39270	727.22
MER57A-int_cl2	155	140240	904.77
MER57A-int_cl3	78	66124	847.74
MER57A-int_cl4	117	116019	991.61
MER57A-int_cl5	60	42669	711.15
MER57A-int_cl6	56	40294	719.53
MER57A-int_cl7	105	163988	1561.79
MER57A-int_cl8	174	236798	1360.9
MER57A-int_cl9	70	66337	947.67
MER57A1_cl1	164	69668	424.8
MER57A1_cl2	60	23498	391.63
MER57A1_cl3	188	79975	425.39
MER57A1_cl4	54	15534	287.66
MER57A1_cl5	87	36661	421.39
MER57A1_cl6	48	14371	299.39
MER57A1_cl7	108	45420	420.55
MER57B1_cl1	46	9962	216.56
MER57B1_cl2	24	5188	216.16
MER57B1_cl3	181	69268	382.69
MER57B1_cl4	112	40876	364.96
MER57B1_cl5	217	83586	385.18
MER57B1_cl6	51	19832	388.86
MER57B2_cl1	98	25071	255.82
MER57B2_cl2	132	51209	387.94
MER57B2_cl3	40	15707	392.67
MER57B2_cl4	93	36218	389.44
MER57B2_cl5	101	39140	387.52
MER57B2_cl6	45	10667	237.04
MER57B2_cl7	184	69396	377.15
MER57C1_cl1	26	9263	356.26
MER57C1_cl2	17	4547	267.47
MER57C1_cl3	29	9065	312.58
MER57C1_cl4	32	10484	327.62
MER57C1_cl5	37	13027	352.08
MER57C2_cl1	96	36758	382.89
MER57C2_cl2	35	12629	360.82
MER57C2_cl3	47	18431	392.14
MER57C2_cl4	23	5414	235.39
MER57C2_cl5	118	43244	366.47
MER57D_cl1	42	13539	322.35
MER57D_cl2	57	20562	360.73
MER57D_cl3	76	26600	350
MER57D_cl4	83	30804	371.13
MER57D_cl5	93	27506	295.76
MER57E1_cl1	38	12223	321.65
MER57E1_cl2	99	33764	341.05
MER57E1_cl3	53	12974	244.79
MER57E1_cl4	28	7672	274
MER57E1_cl5	63	20358	323.14
MER57E1_cl6	45	11261	250.24
MER57E1_cl7	76	26186	344.55
MER57E2_cl1	16	5231	326.93
MER57E2_cl2	20	6569	328.45
MER57E2_cl3	24	7858	327.41
MER57E3_cl1	37	13234	357.67
MER57E3_cl2	64	14967	233.85
MER57E3_cl3	58	16513	284.7
MER57F_cl1	46	12077	262.54
MER57F_cl2	54	18453	341.72
MER57F_cl3	95	38960	410.1
MER57F_cl4	30	11759	391.96
MER57F_cl5	39	10080	258.46
MER57F_cl6	57	22233	390.05
MER61-int_cl1	104	196099	1885.56
MER61-int_cl2	61	243194	3986.78
MER61-int_cl3	53	88579	1671.3
MER61-int_cl4	96	361346	3764.02
MER61-int_cl5	120	191189	1593.24
MER61-int_cl6	38	57286	1507.52
MER61A_cl1	45	14360	319.11
MER61A_cl2	149	48763	327.26
MER61A_cl3	107	32932	307.77
MER61A_cl4	125	40138	321.1
MER61A_cl5	92	30044	326.56
MER61B_cl1	92	29843	324.38
MER61B_cl2	83	32240	388.43
MER61B_cl3	60	22013	366.88
MER61B_cl4	58	18549	319.81
MER61C_cl1	42	16577	394.69
MER61C_cl2	43	16132	375.16
MER61C_cl3	42	16153	384.59
MER61C_cl4	36	12947	359.63
MER61C_cl5	29	11181	385.55
MER61C_cl6	32	13015	406.71
MER61D_cl1	41	15659	381.92
MER61D_cl2	34	12930	380.29
MER61D_cl3	51	23112	453.17
MER61D_cl4	64	26098	407.78
MER61E_cl1	44	26109	593.38
MER61E_cl2	51	26514	519.88
MER61E_cl3	51	24956	489.33
MER61E_cl4	61	33177	543.88
MER61F_cl1	26	14791	568.88
MER61F_cl2	38	22020	579.47
MER61F_cl3	34	19374	569.82
MER65-int_cl1	79	83072	1051.54
MER65-int_cl2	140	178407	1274.33
MER65-int_cl3	135	134816	998.63
MER65-int_cl4	140	182556	1303.97
MER65A_cl1	175	64050	366
MER65A_cl2	103	43115	418.59
MER65A_cl3	78	19033	244.01
MER65A_cl4	143	60147	420.6
MER65A_cl5	124	54140	436.61
MER65A_cl6	145	58123	400.84
MER65A_cl7	107	24457	228.57
MER65B_cl1	30	13755	458.5
MER65B_cl2	40	7377	184.42
MER65B_cl3	42	9899	235.69
MER65B_cl4	24	7483	311.79
MER65C_cl1	61	19097	313.06
MER65C_cl2	83	33070	398.43
MER65C_cl3	155	59947	386.75
MER65C_cl4	137	59952	437.6
MER65C_cl5	51	16320	320
MER65D_cl1	29	13843	477.34
MER65D_cl2	74	26383	356.52
MER65D_cl3	60	23669	394.48
MER65D_cl4	22	6581	299.13
MER65D_cl5	76	34262	450.81
MER66-int_cl1	61	61531	1008.7
MER66-int_cl2	80	135375	1692.18
MER66-int_cl3	42	77959	1856.16
MER66-int_cl4	119	242383	2036.83
MER66A_cl1	58	21236	366.13
MER66A_cl2	88	34729	394.64
MER66A_cl3	93	38589	414.93
MER66A_cl4	11	2379	216.27
MER66B_cl1	53	12095	228.2
MER66B_cl2	130	60161	462.77
MER66B_cl3	193	88145	456.7
MER66B_cl4	1	554	554
MER66B_cl5	70	30060	429.42
MER66B_cl6	183	84270	460.49
MER66B_cl7	137	63916	466.54
MER66B_cl8	48	11334	236.12
MER66B_cl9	114	29345	257.41
MER66C_cl1	33	7954	241.03
MER66C_cl2	52	26703	513.51
MER66C_cl3	51	24600	482.35
MER66C_cl4	69	31459	455.92
MER66C_cl5	41	20565	501.58
MER66C_cl6	37	11113	300.35
MER66D_cl1	40	19833	495.82
MER66D_cl2	58	25722	443.48
MER66D_cl3	33	14090	426.96
MER67A_cl1	91	44499	489
MER67A_cl2	43	20818	484.13
MER67A_cl3	53	13713	258.73
MER67A_cl4	38	6792	178.73
MER67A_cl5	67	20368	304
MER67B_cl1	61	26642	436.75
MER67B_cl2	92	40161	436.53
MER67B_cl3	51	27778	544.66
MER67B_cl4	47	20523	436.65
MER67B_cl5	68	33686	495.38
MER67C_cl1	240	81045	337.68
MER67C_cl2	121	45358	374.85
MER67C_cl3	336	197012	586.34
MER67C_cl4	180	57229	317.93
MER67C_cl5	154	64916	421.53
MER67C_cl6	71	25924	365.12
MER67D_cl1	174	59465	341.75
MER67D_cl2	91	34097	374.69
MER67D_cl3	138	40671	294.71
MER67D_cl4	186	90348	485.74
MER67D_cl5	152	71064	467.52
MER68-int_cl1	22	17292	786
MER68-int_cl2	33	27605	836.51
MER68-int_cl3	52	62043	1193.13
MER68-int_cl4	32	23840	745
MER68-int_cl5	44	39455	896.7
MER68B_cl1	22	6389	290.4
MER68B_cl2	44	19497	443.11
MER68B_cl3	57	20750	364.03
MER68B_cl4	83	42801	515.67
MER68B_cl5	105	41796	398.05
MER68_cl1	207	101426	489.98
MER68_cl2	76	26172	344.36
MER68_cl3	211	105526	500.12
MER68_cl4	191	78820	412.67
MER68_cl5	112	54290	484.73
MER68_cl6	185	87482	472.87
MER68_cl7	41	12835	313.04
MER68_cl8	60	31367	522.78
MER70-int_cl1	23	27777	1207.69
MER70-int_cl2	11	23513	2137.54
MER70-int_cl3	25	40012	1600.48
MER70-int_cl4	23	30764	1337.56
MER70-int_cl5	27	53681	1988.18
MER70A_cl1	48	17326	360.95
MER70A_cl2	64	26803	418.79
MER70A_cl3	89	41229	463.24
MER70A_cl4	108	48914	452.9
MER70A_cl5	99	43312	437.49
MER70B_cl1	22	8094	367.9
MER70B_cl2	33	17147	519.6
MER70B_cl3	41	18445	449.87
MER70B_cl4	77	34499	448.03
MER70B_cl5	98	37569	383.35
MER70B_cl6	64	23093	360.82
MER70C_cl1	40	18717	467.92
MER70C_cl2	72	32158	446.63
MER70C_cl3	41	14110	344.14
MER70C_cl4	60	25665	427.75
MER72B_cl1	22	8466	384.81
MER72B_cl2	29	12914	445.31
MER72B_cl3	29	16408	565.79
MER72B_cl4	39	27931	716.17
MER72_cl1	65	20892	321.41
MER72_cl2	10	3473	347.3
MER72_cl3	80	52561	657.01
MER72_cl4	67	42682	637.04
MER72_cl5	112	66389	592.75
MER72_cl6	80	29146	364.32
MER72_cl7	130	86884	668.33
MER73_cl1	60	35745	595.75
MER73_cl2	39	13930	357.17
MER73_cl3	53	31481	593.98
MER73_cl4	60	21942	365.7
MER74A_cl1	238	97844	411.1
MER74A_cl2	114	58948	517.08
MER74A_cl3	146	71236	487.91
MER74A_cl4	155	74167	478.49
MER74A_cl5	93	42696	459.09
MER74A_cl6	117	56198	480.32
MER74A_cl7	87	33876	389.37
MER74A_cl8	255	106796	418.8
MER74B_cl1	98	42375	432.39
MER74B_cl2	61	23219	380.63
MER74B_cl3	159	67085	421.91
MER74B_cl4	154	63987	415.5
MER74B_cl5	203	94882	467.39
MER74C_cl1	24	10121	421.7
MER74C_cl2	28	11816	422
MER74C_cl3	39	13237	339.41
MER74C_cl4	44	15937	362.2
MER74C_cl5	26	10438	401.46
MER76-int_cl1	17	20965	1233.23
MER76-int_cl2	15	18195	1213
MER76-int_cl3	17	21826	1283.88
MER76-int_cl4	20	26904	1345.2
MER76_cl1	59	35390	599.83
MER76_cl2	39	15383	394.43
MER76_cl3	79	43163	546.36
MER76_cl4	100	62507	625.07
MER76_cl5	101	46540	460.79
MER76_cl6	105	40888	389.4
MER77B_cl1	176	107181	608.98
MER77B_cl2	30	9516	317.2
MER77B_cl3	91	37518	412.28
MER77B_cl4	147	49856	339.15
MER77B_cl5	177	109635	619.4
MER77B_cl6	177	101672	574.41
MER77B_cl7	105	42942	408.97
MER77_cl1	122	53323	437.07
MER77_cl2	58	20077	346.15
MER77_cl3	243	138123	568.4
MER77_cl4	166	63347	381.6
MER77_cl5	88	35244	400.5
MER77_cl6	258	137486	532.89
MER83A-int_cl1	22	24747	1124.86
MER83A-int_cl2	27	40117	1485.81
MER83A-int_cl3	6	5675	945.83
MER83B-int_cl1	51	60126	1178.94
MER83B-int_cl2	28	31348	1119.57
MER83B-int_cl3	55	60741	1104.38
MER83B_cl1	17	5767	339.23
MER83B_cl2	25	7954	318.16
MER83B_cl3	33	9779	296.33
MER83B_cl4	21	7033	334.9
MER83C_cl1	17	5362	315.41
MER83C_cl2	17	5558	326.94
MER83C_cl3	30	10364	345.46
MER83C_cl4	32	10972	342.87
MER83_cl1	62	26713	430.85
MER83_cl2	109	43766	401.52
MER83_cl3	56	24175	431.69
MER83_cl4	99	37544	379.23
MER84-int_cl1	29	36762	1267.65
MER84-int_cl2	27	44776	1658.37
MER84-int_cl3	8	13758	1719.75
MER84_cl1	67	26882	401.22
MER84_cl2	37	12077	326.4
MER84_cl3	16	6959	434.93
MER84_cl4	73	34245	469.1
MER87B_cl1	44	15436	350.81
MER87B_cl2	49	23098	471.38
MER87B_cl3	30	13928	464.26
MER87B_cl4	30	10204	340.13
MER87_cl1	40	20555	513.87
MER87_cl2	24	9453	393.87
MER87_cl3	23	9590	416.95
MER87_cl4	39	17284	443.17
MER88_cl1	12	4423	368.58
MER88_cl2	6	2496	416
MER88_cl3	24	10359	431.62
MER88_cl4	24	9211	383.79
MER88_cl5	21	7300	347.61
MER89-int_cl1	45	34663	770.28
MER89-int_cl2	48	37738	786.2
MER89-int_cl3	46	52492	1141.13
MER89-int_cl4	102	99367	974.18
MER89-int_cl5	60	35348	589.13
MER89-int_cl6	50	53795	1075.9
MER89_cl1	77	32512	422.23
MER89_cl2	148	43152	291.56
MER89_cl3	79	23658	299.46
MER89_cl4	68	27324	401.82
MER89_cl5	123	54660	444.39
MER89_cl6	138	50464	365.68
MER89_cl7	97	49245	507.68
MER89_cl8	195	96217	493.42
MER90_cl1	93	46507	500.07
MER90_cl2	42	17727	422.07
MER90_cl3	159	55520	349.18
MER90_cl4	122	56114	459.95
MER90_cl5	115	30212	262.71
MER90a_cl1	124	38697	312.07
MER90a_cl2	44	19759	449.06
MER90a_cl3	141	74613	529.17
MER90a_cl4	167	83139	497.83
MER90a_cl5	217	67632	311.66
MER90a_cl6	253	87561	346.09
MER92-int_cl1	45	28990	644.22
MER92-int_cl2	54	38405	711.2
MER92-int_cl3	98	89180	910
MER92-int_cl4	108	98774	914.57
MER92-int_cl5	103	90574	879.35
MER92-int_cl6	70	48362	690.88
MER92A_cl1	27	9135	338.33
MER92A_cl2	18	6020	334.44
MER92A_cl3	44	14799	336.34
MER92A_cl4	21	6880	327.61
MER92B_cl1	37	11088	299.67
MER92B_cl2	66	23258	352.39
MER92B_cl3	112	35090	313.3
MER92B_cl4	82	22892	279.17
MER92B_cl5	148	81751	552.37
MER92B_cl6	109	57281	525.51
MER92C_cl1	11	3243	294.81
MER92C_cl2	28	12192	435.42
MER92C_cl3	32	10899	340.59
MER92C_cl4	20	7607	380.35
MER92D_cl1	19	5384	283.36
MER92D_cl2	22	5621	255.5
MER92D_cl3	33	8078	244.78
MER92D_cl4	23	5071	220.47
MER92D_cl5	33	8532	258.54
MER95_cl1	27	10700	396.29
MER95_cl2	26	8198	315.3
MER95_cl3	17	5303	311.94
MER95_cl4	20	7714	385.7
MER95_cl5	16	3826	239.12
MER9a1_cl1	61	29369	481.45
MER9a1_cl2	84	41498	494.02
MER9a1_cl3	31	15696	506.32
MER9a1_cl4	69	34694	502.81
MER9a2_cl1	26	13123	504.73
MER9a2_cl2	46	23212	504.6
MER9a2_cl3	53	26429	498.66
MER9a2_cl4	52	26237	504.55
MER9a3_cl1	59	29502	500.03
MER9a3_cl2	27	13257	491
MER9a3_cl3	73	36120	494.79
MER9a3_cl4	48	23692	493.58
MER9a3_cl5	48	22887	476.81
MER9a3_cl6	42	19773	470.78
MER9a3_cl7	41	21244	518.14
MLT-int_cl1	39	19008	487.38
MLT-int_cl2	56	31818	568.17
MLT-int_cl3	67	45056	672.47
MLT-int_cl4	60	25029	417.15
MLT1-int_cl1	24	10360	431.66
MLT1-int_cl2	35	19697	562.77
MLT1-int_cl3	24	12255	510.62
MLT1-int_cl4	41	19972	487.12
MLT1A-int_cl1	51	40902	802
MLT1A-int_cl2	72	57678	801.08
MLT1A-int_cl3	60	98862	1647.7
MLT1A-int_cl4	65	41689	641.36
MLT1A-int_cl5	46	41165	894.89
MLT1A0-int_cl1	118	113061	958.14
MLT1A0-int_cl2	80	64080	801
MLT1A0-int_cl3	87	66456	763.86
MLT1A0-int_cl4	115	108878	946.76
MLT1A0-int_cl5	91	124270	1365.6
MLT1A0-int_cl6	137	257922	1882.64
MLT1A1-int_cl1	39	59107	1515.56
MLT1A1-int_cl2	94	206829	2200.3
MLT1A1-int_cl3	60	57162	952.7
MLT1A1-int_cl4	49	42833	874.14
MLT1A1-int_cl5	68	86421	1270.89
MLT1B-int_cl1	44	29387	667.88
MLT1B-int_cl2	50	77773	1555.46
MLT1B-int_cl3	118	100547	852.09
MLT1B-int_cl4	140	101253	723.23
MLT1C-int_cl1	26	22652	871.23
MLT1C-int_cl2	25	32018	1280.72
MLT1C-int_cl3	21	19096	909.33
MLT1C2-int_cl1	84	80675	960.41
MLT1C2-int_cl2	95	75053	790.03
MLT1C2-int_cl3	69	107281	1554.79
MLT1C2-int_cl4	40	32883	822.07
MLT1D-int_cl1	128	118699	927.33
MLT1D-int_cl2	48	35921	748.35
MLT1D-int_cl3	112	117122	1045.73
MLT1D-int_cl4	83	124018	1494.19
MLT1E1A-int_cl1	24	28229	1176.2
MLT1E1A-int_cl2	7	7336	1048
MLT1E1A-int_cl3	15	12535	835.66
MLT1E1A-int_cl4	19	20243	1065.42
MLT1E1A_cl1	241	134709	558.95
MLT1E1A_cl2	203	68097	335.45
MLT1E1A_cl3	351	147960	421.53
MLT1E1A_cl4	432	224690	520.11
MLT1E1A_cl5	238	102421	430.34
MLT1E1A_cl6	340	189651	557.79
MLT1E1A_cl7	364	139590	383.48
MLT1E1A_cl8	43	13208	307.16
MLT1E1_cl1	82	23238	283.39
MLT1E1_cl2	46	20624	448.34
MLT1E1_cl3	177	92398	522.02
MLT1E1_cl4	172	59366	345.15
MLT1E1_cl5	94	47311	503.3
MLT1E1_cl6	104	43825	421.39
MLT1E2-int_cl1	35	32023	914.94
MLT1E2-int_cl2	18	20629	1146.05
MLT1E2-int_cl3	38	37701	992.13
MLT1E3_cl1	211	116416	551.73
MLT1E3_cl2	212	80547	379.93
MLT1E3_cl3	119	54900	461.34
MLT1E3_cl4	254	90448	356.09
MLT1E3_cl5	168	77712	462.57
MLT1E3_cl6	251	133788	533.01
MLT1E3_cl7	103	40979	397.85
MLT1E_cl1	79	43769	554.03
MLT1E_cl2	50	14985	299.7
MLT1E_cl3	134	38193	285.02
MLT1E_cl4	130	62392	479.93
MLT1E_cl5	94	47903	509.6
MLT1E_cl6	144	43984	305.44
MLT1F-int_cl1	68	58378	858.5
MLT1F-int_cl2	41	26779	653.14
MLT1F-int_cl3	51	46446	910.7
MLT1F-int_cl4	48	31871	663.97
MLT1F-int_cl5	30	21310	710.33
MLT1F-int_cl6	63	71254	1131.01
MLT1F1-int_cl1	22	20322	923.72
MLT1F1-int_cl2	24	21142	880.91
MLT1F1-int_cl3	37	47030	1271.08
MLT1F1-int_cl4	21	18082	861.04
MLT1F1_cl1	282	127919	453.61
MLT1F1_cl2	345	100082	290.09
MLT1F1_cl3	225	92551	411.33
MLT1F1_cl4	262	128607	490.86
MLT1F1_cl5	269	134978	501.77
MLT1F1_cl6	327	155070	474.22
MLT1F1_cl7	150	59255	395.03
MLT1F1_cl8	254	74002	291.34
MLT1F2-int_cl1	68	58083	854.16
MLT1F2-int_cl2	59	76358	1294.2
MLT1F2-int_cl3	6	4735	789.16
MLT1F2-int_cl4	62	65749	1060.46
MLT1G-int_cl1	25	23683	947.32
MLT1G-int_cl2	31	31599	1019.32
MLT1G-int_cl3	35	41527	1186.48
MLT1G-int_cl4	28	22428	801
MLT1G1-int_cl1	16	13589	849.31
MLT1G1-int_cl2	48	53348	1111.41
MLT1G1-int_cl3	37	32886	888.81
MLT1G1-int_cl4	57	56045	983.24
MLT1G1-int_cl5	35	52271	1493.45
MLT1G1_cl1	550	273465	497.2
MLT1G1_cl2	203	78620	387.29
MLT1G1_cl3	216	104391	483.29
MLT1G1_cl4	173	78305	452.63
MLT1G1_cl5	426	152090	357.01
MLT1G1_cl6	551	237725	431.44
MLT1G1_cl7	302	93091	308.24
MLT1G3-int_cl1	12	9080	756.66
MLT1G3-int_cl2	59	62883	1065.81
MLT1G3-int_cl3	38	47603	1252.71
MLT1G3-int_cl4	40	29119	727.97
MLT1G3_cl1	417	166245	398.66
MLT1G3_cl2	62	17470	281.77
MLT1G3_cl3	406	159251	392.24
MLT1G3_cl4	125	64370	514.96
MLT1G3_cl5	93	38657	415.66
MLT1G3_cl6	61	27433	449.72
MLT1G3_cl7	266	108650	408.45
MLT1G3_cl8	381	160596	421.51
MLT1G_cl1	409	201479	492.61
MLT1G_cl2	371	173895	468.71
MLT1G_cl3	425	146945	345.75
MLT1G_cl4	272	119451	439.15
MLT1G_cl5	447	147995	331.08
MLT1H-int_cl1	46	27902	606.56
MLT1H-int_cl2	53	34870	657.92
MLT1H-int_cl3	114	106074	930.47
MLT1H-int_cl4	38	26025	684.86
MLT1H-int_cl5	102	88183	864.53
MLT1H-int_cl6	132	107782	816.53
MLT1H1-int_cl1	60	56386	939.76
MLT1H1-int_cl2	30	24198	806.6
MLT1H1-int_cl3	32	22566	705.18
MLT1H1-int_cl4	32	30011	937.84
MLT1H1-int_cl5	90	112237	1247.07
MLT1H1-int_cl6	23	15831	688.3
MLT1H1_cl1	386	149225	386.59
MLT1H1_cl2	383	179129	467.69
MLT1H1_cl3	451	199874	443.17
MLT1H1_cl4	360	135043	375.11
MLT1H1_cl5	604	202194	334.75
MLT1H1_cl6	227	104704	461.25
MLT1H2-int_cl1	58	68126	1174.58
MLT1H2-int_cl2	23	18615	809.34
MLT1H2-int_cl3	52	35546	683.57
MLT1H2-int_cl4	55	38387	697.94
MLT1H2-int_cl5	36	26995	749.86
MLT1I-int_cl1	189	111942	592.28
MLT1I-int_cl2	185	131365	710.08
MLT1I-int_cl3	115	115196	1001.7
MLT1I-int_cl4	49	25632	523.1
MLT1J-int_cl1	97	52390	540.1
MLT1J-int_cl2	88	57934	658.34
MLT1J-int_cl3	142	87126	613.56
MLT1J-int_cl4	187	103943	555.84
MLT1J-int_cl5	161	72248	448.74
MLT1J-int_cl6	129	85597	663.54
MLT1J1-int_cl1	90	78322	870.24
MLT1J1-int_cl2	33	19103	578.87
MLT1J1-int_cl3	54	50471	934.64
MLT1J1-int_cl4	25	18335	733.4
MLT1J1-int_cl5	22	16123	732.86
MLT1J1-int_cl6	71	54154	762.73
MLT1J2-int_cl1	17	9882	581.29
MLT1J2-int_cl2	34	26768	787.29
MLT1J2-int_cl3	69	65751	952.91
MLT1J2-int_cl4	91	81333	893.76
MLT1J2-int_cl5	77	65224	847.06
MLT1J2-int_cl6	58	45226	779.75
MLT1K-int_cl1	50	20999	419.98
MLT1K-int_cl2	32	11107	347.09
MLT1K-int_cl3	36	13011	361.41
MLT1K-int_cl4	16	7083	442.68
MLT1L-int_cl1	12	5896	491.33
MLT1L-int_cl2	25	11329	453.16
MLT1L-int_cl3	15	6037	402.46
MLT1L-int_cl4	19	6850	360.52
MLT1M_cl1	290	52329	180.44
MLT1M_cl2	296	60751	205.23
MLT1M_cl3	245	50035	204.22
MLT1M_cl4	242	53635	221.63
MLT1M_cl5	233	47613	204.34
MLT1M_cl6	402	93622	232.89
MLT2A1_cl1	68	17291	254.27
MLT2A1_cl2	242	101144	417.95
MLT2A1_cl3	429	182378	425.12
MLT2A1_cl4	302	144427	478.23
MLT2A1_cl5	154	73491	477.21
MLT2A1_cl6	31	15360	495.48
MLT2A1_cl7	333	140901	423.12
MLT2A1_cl8	69	18146	262.98
MamGyp-int_cl1	124	56694	457.2
MamGyp-int_cl2	102	49947	489.67
MamGyp-int_cl3	35	13490	385.42
MamGyp-int_cl4	64	31513	492.39
MamGyp-int_cl5	105	45817	436.35
MamGypLTR1a_cl1	94	29731	316.28
MamGypLTR1a_cl2	213	52101	244.6
MamGypLTR1a_cl3	228	56140	246.22
MamGypLTR1a_cl4	53	13003	245.33
MamGypLTR1a_cl5	112	35221	314.47
MamGypLTR1a_cl6	145	41375	285.34
MamGypLTR1b_cl1	65	14815	227.92
MamGypLTR1b_cl2	203	53021	261.18
MamGypLTR1b_cl3	129	25547	198.03
MamGypLTR1b_cl4	244	57156	234.24
MamGypLTR1b_cl5	317	84130	265.39
MamGypLTR1c_cl1	146	56366	386.06
MamGypLTR1c_cl2	194	43332	223.36
MamGypLTR1c_cl3	96	31101	323.96
MamGypLTR1c_cl4	236	50004	211.88
MamGypLTR1c_cl5	57	20839	365.59
MamGypLTR1c_cl6	100	22645	226.45
MamGypLTR1d_cl1	114	19639	172.27
MamGypLTR1d_cl2	151	35154	232.8
MamGypLTR1d_cl3	138	37348	270.63
MamGypLTR1d_cl4	92	20975	227.98
MamGypLTR1d_cl5	78	14818	189.97
MamGypLTR2b_cl1	103	16854	163.63
MamGypLTR2b_cl2	193	44368	229.88
MamGypLTR2b_cl3	183	31907	174.35
MamGypLTR2b_cl4	97	18625	192.01
MamGypLTR2b_cl5	97	24972	257.44
MamGypLTR2b_cl6	69	10278	148.95
MamGypLTR2c_cl1	32	5610	175.31
MamGypLTR2c_cl2	233	62391	267.77
MamGypLTR2c_cl3	108	25067	232.1
MamGypLTR2c_cl4	237	52227	220.36
MamGypLTR2c_cl5	192	52565	273.77
MamGypLTR3_cl1	54	16611	307.61
MamGypLTR3_cl2	55	14854	270.07
MamGypLTR3_cl3	63	15657	248.52
MamGypLTR3_cl4	54	16130	298.7
MamGypLTR3_cl5	100	27319	273.19
MamGypLTR3_cl6	55	13639	247.98
MamGypLTR3_cl7	107	29905	279.48
MamGypLTR3a_cl1	122	32909	269.74
MamGypLTR3a_cl2	166	44650	268.97
MamGypLTR3a_cl3	98	25885	264.13
MamGypLTR3a_cl4	164	47363	288.79
MamGypLTR3a_cl5	95	29507	310.6
MamGypLTR3a_cl6	194	61648	317.77
MamGypLTR3a_cl7	120	32798	273.31
MamGypLTR4_cl1	106	24392	230.11
MamGypLTR4_cl2	137	31556	230.33
MamGypLTR4_cl3	146	45576	312.16
MamGypLTR4_cl4	115	24514	213.16
MamGypLTR4_cl5	37	9197	248.56
MamRep1527_cl1	121	34281	283.31
MamRep1527_cl2	165	55618	337.07
MamRep1527_cl3	127	37298	293.68
MamRep1527_cl4	75	22702	302.69
MamRep1527_cl5	114	41562	364.57
MamRep1527_cl6	121	44877	370.88
MamRep1527_cl7	206	57360	278.44
SVA_A_cl1	47	25413	540.7
SVA_A_cl2	85	147470	1734.94
SVA_A_cl3	60	70830	1180.5
SVA_A_cl4	46	42895	932.5
SVA_A_cl5	51	72343	1418.49
SVA_B_cl1	53	75937	1432.77
SVA_B_cl2	87	57501	660.93
SVA_B_cl3	130	188414	1449.33
SVA_B_cl4	38	48732	1282.42
SVA_B_cl5	117	163776	1399.79
SVA_C_cl1	48	72994	1520.7
SVA_C_cl2	45	31653	703.4
SVA_C_cl3	58	87155	1502.67
SVA_C_cl4	62	88891	1433.72
SVA_C_cl5	74	117656	1589.94
SVA_C_cl6	56	78094	1394.53
SVA_D_cl1	129	260950	2022.86
SVA_D_cl2	252	440503	1748.02
SVA_D_cl3	98	190827	1947.21
SVA_D_cl4	180	164806	915.58
SVA_D_cl5	125	180600	1444.8
SVA_D_cl6	148	227679	1538.37
SVA_D_cl7	109	157029	1440.63
SVA_D_cl8	105	123118	1172.55
SVA_E_cl1	42	55362	1318.14
SVA_E_cl2	40	32596	814.9
SVA_E_cl3	62	128176	2067.35
SVA_E_cl4	38	37720	992.63
SVA_F_cl1	147	280870	1910.68
SVA_F_cl2	46	87911	1911.1
SVA_F_cl3	75	72598	967.97
SVA_F_cl4	121	107006	884.34
SVA_F_cl5	82	67056	817.75
SVA_F_cl6	109	126811	1163.4
