subfam	_0%_100%	_1%_99%	_2%_98%	_3%_97%	_4%_96%	_5%_95%	_6%_94%	_7%_93%	_8%_92%	_9%_91%	_10%_90%	_11%_89%	_12%_88%	_13%_87%	_14%_86%	_15%_85%	_16%_84%	_17%_83%	_18%_82%	_19%_81%	_20%_80%	_21%_79%	_22%_78%	_23%_77%	_24%_76%	_25%_75%	_26%_74%	_27%_73%	_28%_72%	_29%_71%	_30%_70%	_31%_69%	_32%_68%	_33%_67%	_34%_66%	_35%_65%	_36%_64%	_37%_63%	_38%_62%	_39%_61%	_40%_60%	_41%_59%	_42%_58%	_43%_57%	_44%_56%	_45%_55%	_46%_54%	_47%_53%	_48%_52%	_49%_51%	_50%_50%	_51%_49%	_52%_48%	_53%_47%	_54%_46%	_55%_45%	_56%_44%	_57%_43%	_58%_42%	_59%_41%	_60%_40%	_61%_39%	_62%_38%	_63%_37%	_64%_36%	_65%_35%	_66%_34%	_67%_33%	_68%_32%	_69%_31%	_70%_30%	_71%_29%	_72%_28%	_73%_27%	_74%_26%	_75%_25%	_76%_24%	_77%_23%	_78%_22%	_79%_21%	_80%_20%	_81%_19%	_82%_18%	_83%_17%	_84%_16%	_85%_15%	_86%_14%	_87%_13%	_88%_12%	_89%_11%	_90%_10%	_91%_9%	_92%_8%	_93%_7%	_94%_6%	_95%_5%	_96%_4%	_97%_3%	_98%_2%	_99%_1%	_100%_0%
LINE/L1	10	22	33	41	47	53	58	63	68	72	77	81	85	90	94	98	102	106	111	115	119	123	127	131	136	140	144	149	153	158	163	168	173	178	183	188	194	199	205	211	217	223	229	236	242	249	256	263	271	278	286	294	302	310	319	328	337	347	356	365	375	385	396	409	421	434	447	461	475	489	504	521	538	557	576	597	619	642	666	691	718	747	778	812	848	887	932	984	1043	1111	1188	1280	1387	1517	1684	1886	2164	2574	3308	5219	8504
DNA/hAT-Charlie	10	29	37	42	46	50	53	56	59	62	64	67	69	72	74	77	79	81	84	86	89	91	94	96	98	100	103	105	107	110	112	114	116	118	121	123	125	127	129	132	134	136	138	140	143	145	147	149	151	153	155	157	159	160	162	164	166	168	170	171	173	175	177	179	181	183	185	188	190	193	195	198	201	204	206	209	211	214	216	219	221	225	229	235	243	253	263	275	286	298	308	319	329	340	360	400	453	502	550	760	2892
SINE/MIR	10	31	38	43	47	50	53	56	59	62	64	66	69	71	73	75	77	79	81	83	85	87	89	91	93	95	97	99	101	103	105	106	108	110	112	114	116	117	119	121	123	125	126	128	130	132	134	135	137	139	141	142	144	146	148	150	152	154	155	157	159	161	163	165	167	169	171	173	176	178	180	182	184	186	188	190	192	195	197	199	201	203	206	208	210	212	215	217	219	222	224	226	229	231	234	237	241	244	249	255	466
LINE/L2	10	27	35	40	44	47	49	52	54	56	59	61	63	65	67	69	72	74	76	78	80	82	84	86	88	90	92	94	96	98	100	102	104	106	108	110	111	113	115	117	119	121	123	126	128	130	133	136	138	141	145	148	151	154	158	162	166	170	175	179	184	189	193	198	203	209	214	220	226	232	238	245	252	259	266	273	281	289	297	306	315	325	335	345	357	369	382	396	411	426	442	461	485	515	550	595	650	723	826	1014	3067
LINE/CR1	10	33	38	41	44	47	49	51	53	55	56	58	60	61	63	65	67	68	70	72	73	75	77	79	80	82	84	86	88	90	91	93	95	97	99	101	103	105	107	109	111	113	116	118	120	122	125	127	130	132	135	138	140	142	145	148	151	153	156	159	162	165	168.599999999999	172	175	179	183	186	190	194	198	203	207	212	217	222	227	233	239	245	251	257.800000000003	264	272	281	290	300	310	322	334	347	363	381	402	426	455	491	546	619	760	2569
LTR/ERVL-MaLR	10	36	43	50	56	62	66	70	75	80	85	91	96	102	108	113	119	125	130	136	142	149	154	160	166	172	177	183	190	197	204	211	218	226	234	242	250	259	269	278	287	295	304	312	319	326	331	337	341	345	348	351	353	354	356	358	360	361	363	364	366	368	370	372	374	376	378	381	384	387	390	394	397	401	405	409	413	417	421	426	431	437	444	450	457	464	473	482	491	501	513	526	544	566	603	724	997.039999999979	1513	2121	2292	8721
SINE/Alu	10	44	65	83	98	110	116	120	124	128	131	133	136	141	148	155	161	165	170	177	186	201	215	227	240	251	258	263	268	271	274	276	278	280	281	282	283	284	285	286	287	288	289	290	290	291	291	292	293	293	294	294	294	295	295	296	296	297	297	297	298	298	299	299	299	300	300	301	301	301	302	302	303	303	303	304	304	305	305	306	306	307	307	307	308	308	309	309	310	310	310	311	311	312	313	314	316	319	322	330	813
DNA/hAT	10	29	35	39	42	46	49	53	55	57	59	61	63	64	66	67	69	71	72	74	76	78	79	81	82	84	85	86	88	90	91	92	94	95	96	98	100	101	103	105	106	108	109	111	113	115	117	118	120	122	124	127	129	132	135	138	140	143.120000000001	146	150	152	155	157	160	162	165	167	169	171	172.040000000001	174	176	177	179	180	181	182	183.32	185	185.64	187	188	189	190	190	191	193	195	199	203	208	213	221	230	239	249	256	264	276	289	332
LTR/ERVL	10	33	42	48	54	60	65	70	75	80	85	90	95	100	105	109	114	118	123	128	133	138	143	148	153	158	163	168	174	179	185	191	197	202	208	214	222	228	235	242	250	257	265	272	280	288	296	304	311.639999999999	320	328	335	343	350	357	364	371	378	384	390	396	401	406	412	417	421	427	432	437	442	446	451	456	462	468	474	481	488	495	503	511	520	529	538	546	555	567	583	603	627	658	696	739	785	835	908	1064.28	1331	1748.63999999998	2634.82000000001	11984
LTR	10	38	46	52	56	60	63	66	68	71	74	76	78	80	82	84.5	87	89	91	93.9000000000001	95	97.0999999999999	100	102	104	106	108	110	113	115	117	120	122	124	126	129	131	134	136	139	142	144	146	148	150	152	155	158	160.8	163	166	169	170	173	176	180	183	185	188	191	194	198	200	204	208	213	217	221	225	230	235	240	246	251	257	263	271	280	287	294	302	312	321	328.3	343	353	362	374	385	398	419	437.1	456.200000000001	476	499.400000000001	527	566.599999999999	610.7	667.8	758.9	946
LTR/ERV1	10	28	38	44	51	56	63	68	74	79	85	90	96	101	107	113	119	125	132	138	145	152	159	166	173	181	189	196	205	214	223	232	241	251	261	271	280	291	301	311	321	330	340	349	358	368	377	386	394	401	409	416	423	429	435	441	447	453	459	465	472	480	487	495	504	513	523	531	540	548	555	564	575	585	595	606	618	629	640	656	673	690	706	723	741	762	785	817	861	916	1007.80000000002	1136	1285	1404	1521	1651	1925.12	2466	3507.56	5535	124694
DNA/hAT-Tip100	10	30	37	42	45	49	51	54	56	58	61	63	65	67	69	70	72	74	76	78	79	81	83	85	87	88	90	92	94	96	97	99	101	103	105	107	109	111	113	115	117	120	122	124	126	129	131	133	135	137	140	142	144	146	148	151	153	155	157	159	161	163	165	167	169	171	173	175	177	179	183	186	190	195	200	206	212	219	225	232	239	246	253	262	272	282	296	311	326	346	367	388	412	443	483	531	591	661	784.799999999996	971.900000000001	3648
DNA/TcMar-Tigger	10	30	40	46	51	55	58	61	64	67	69	72	74	77	79	81	84	86	89	91	94	96	99	102	105	108	111	115	118	121	125	129	133	136	140	144	148	152	156	160	164	169	173	178	182	187	192	196	200	204	208	212	216	221	225	229	234	238	243	250	256	263	271	279	286	294	300	306	311	316	321	325	328	332	336	339	344	349	356	364	376	392	409.380000000005	424	437	453	479	508	536	568	599	633	673	724	818	924	1063.64	1200	1540.81999999999	2196	3356
LTR/ERVL?	10	39.23	49.46	53.69	58	62	65	69	72	75	77	80	82	85	88	91	94	96	100	102	104	106	109	111	113.52	116	119	122	125	127	130	134	136	139	142	145	149	151.51	154	157	160	163	166	169	172	176	181	185	189	193	197	201	206	209	213	217	221	226	230.34	235	240	246	251	256	262	266	272	279	285.64	291.87	299	306.33	314	324	332	342	350	361	375	391	403	416	428	445	458	469.55	481.78	493	500.24	510.47	518	526	533	542	550	561	575	588.31	613	686.54	2906
LTR/ERV1?	11	41	48	53	58.56	61.95	65	67.73	69	71.51	74	77.29	80	83	85	87	89	92	94.02	96	98	99	101	103	106	108	110	112	114	117	118	121	125	126	128	130	131	133	135	138	140	142	145	147.77	149.16	151	153	155	157	159	161	164	166	168	170	171.45	173	175	178	179	181	183.79	186.18	190	193	195	199	202	204.52	209	213	216	219	221	226	233	237	240.03	245	250	256	261	267	274.37	281	290	298.54	304	313	329.71	342	356	377.64	392	403	417	434.44	451.49	464.44	535.879999999999	803
LINE/RTE-X	10	36	43	46	50	53	57	60	63	66	70	73	76	79	81	84	86	90	92	95	97	100	103	106	108	111	113	116	119	122	125	128	130	133	136	139	142	145	147	150	153	156	159	162	165	169	172	175	179	182	185	189	192	196	199	203	207	211	215	219.049999999999	224	229	233	237	241	245	250	256	260	265	270	275	281	287	292	298	306	313	320	329	337	346	355	365	376	386	397	409	422	438	453	472	492	515	541	575	618	674.15	772	929.049999999999	2195
LTR?	10	34	44	51	55	59	62	66	68	71	74	77	79	81	84	86	88	90	92	95	96	98	100	102	104	106	109	110	113	114	117	119	122	123	125	127.45	130	132	134	136	139	141	143	145.01	148	150	153	155	157	160	162	165	167	170	173	176	180	183	186	189.13	194	197	200	204	208	212	216	220	224	229	234	238	243	247	252	258	263	268	274	280	286	291	298.740000000001	305	313	321	330	340	350	363	377	393	411	434	458.580000000001	488	517	562	609.860000000001	657.93	975
LTR/ERVK	10	46	69	88	111	137.55	168.26	200.97	239.36	290	326	339.81	374.52	405	419	430	442	450.07	458	466	472	479	483	488	491	496	500	506	509	510	511	512	514	524.43	543	562	575.56	584	596	628	672.4	752	830.639999999999	871	882	902.95	936	950	957	959	962	965	967	967	969	973	980	986	990	994	997	1000	1004	1007	1011	1015	1022	1028	1031	1039	1048	1054	1060	1063	1066	1067	1069	1070	1072	1074	1076.8	1079.51	1082	1085.93	1091	1102	1118.06	1168.77	1247	1450.47000000001	1762.1	2058	2533.84000000001	3079.15	3785.06000000001	4383.35	4879.44	5686.48	6390.38	7354.6	17974
Retroposon/SVA	10	11	12	13	13	14	15	17	19	21	23	28	33	37.3200000000001	43	48	52	56	59	63	66	69	72	74	77	80	83	86	89	92	94	99	102	105	109	112	114	117	119	122.96	127	131.24	139.88	154	179.16	236.6	332	422	507	596.36	634	659.64	687.56	725	765.56	822.2	876.84	940	975	988.76	1023	1058.04	1107	1155.32	1189.96	1220	1258	1295	1321.52	1355	1379	1399	1415.08	1434	1453.36	1469	1484	1500	1515.92	1533.56	1548	1566.84	1582.48	1603	1622.76	1647	1670.04	1693.68	1718.32	1748	1789.6	1825.48	1860	1891	1933.16	1977.8	2056	2138.08	2237.72	2416.8	4259
DNA/MULE-MuDR	10	17	25	30	35	37.4	40	43	45	46	47	49	50	51	52	53	55	55	56.64	58	59	59	60	61	63	65	67	69	73	77.92	81	84	87	91.6800000000001	100.64	107	111	114	120	122	126	132	135	139	143	147	150.08	154	160	168	175	182	191	200.44	214.92	222	234.52	244	256	268	279.8	292	303	315	325	346.4	366.68	385.16	412.92	428.12	440	454.08	467	477.04	486.52	501	508	518.96	531	549	563	577	602.72	648.84	685.28	727.4	765.56	817.76	871.64	903.72	964	1045.36	1106.48	1154.28	1214.84	1274	1398	1533.36	1706	1899	3040
DNA?	21	39	45	50	53	55	57	59	61	63	64	66	68	70	71	73	74	76	77	79	80	82	83	85	86	87	88	89	90	92	93	94	96	97	98	99	101	102	104	105	106	108	109	111	112	114	115	117	118	119.53	121	122	124	125	126	128	129	130	132	133	135	136	138	140	142	143	145	147	148	150	152	153.87	156	157.81	160	162.75	165	168	170	173	175	177	180	184	188	193	197	201.39	205.36	212	217	226	232.24	243	255.18	267	277	290.09	305.06	334	449
LTR/Gypsy	10	38	45	51	55	59	62	66	69	72	74	77	80	82	84	86	89	91	93	95	98	100	102	104	106	108	110	113	115	117	119	122	124	126	128	130	133	135	137	139	142	144	146	149	151	154	157	160	163	166	168	171	174	177	180	183	186	190	193	197	201	205	209	213	218	222	227	233	237	242	247	253	259	264.289999999999	270	277	283	290.210000000001	298	305	313	322.130000000001	331	340.590000000002	351	360	371	384	396	411	426.700000000001	449	474.16	500	534	577	627.079999999998	678	748.540000000001	866	2389
DNA/hAT-Blackjack	10	33.33	40	45	48	51	54	57	59	61	64	66	69	71	72	74	76	78	80	81	83	85	87	88	90	91	93	94	95	97	98	100	101	102	103	104	105	106	107	108	109	109	110	111	111	112	112	113	114	115	117	118	119	121	122	123	124	126	127	128	129	130	131	133	135	139	143	148	152	157	161	166	171	176	181	185	188	191	194	197	199	201	204	206	210	215	226	247	270.040000000001	302.369999999999	335	367	390	408	427.02	470.350000000002	564	682	836	1016.34	2881
DNA/hAT-Tag1	10	32	41.84	49	55	59.55	62	66	68	71	73	76	79	81	85	87	90	92	94.78	97	98	101	104	106	109	111	113	115	117	119.59	122	124	126	129	132	136	137	139	141	143	146	149	152	154	157	160	162	166	170	173	176	179.21	183.92	187	190	192	196	199	203	206	209	214	218	221	227.44	232.15	238	241	245.28	252	257	261	268	278	284	290	295	301.67	306	313.09	324	332	340	353	361	370	378.12	396.54	411	425.19	441	464	494.280000000001	521.03	554.700000000001	610.150000000002	663.799999999999	708.87	786.16	939.19	2940
DNA/hAT-Ac	10	28	32	35	37	38	40	41	43	44	45.2	47	48	49	50	51	52	53	54	55	55	56	57	58	59	60	61	62	63	64	65	66	67	68	69	70	71	72	73	74	75	76	77	78	80	81	82	83	85	86	87	89	90	91	92	94	95	96	98	100	102	104	105	107	109	111	114	116	119	122	124	127	131.04	135	139	143	148.32	154	160	167	174	181	188	197	207.88	216	224	234.84	248	263	281.8	300.12	327	348	389.08	443	520	591.04	702.719999999999	885.68	2696
DNA/TcMar-Tc2	10	28	38	44	50	54	56	59	62	64	66	68	70	72	74	75	77	79	80	82	84	85	87.1200000000001	89	92	94	96	98	100	103	105	109	111	113	116.64	119	122	124	126	129	132	136	138	140	143	145	147	148	150	152	154	156	158	159	161	163	164	166	167	169	171	172	174	176	178	180	183	185	189	193	200	208	216	225.58	235	245	256	266	278	289	300.8	311	322	334	347	362	377	396	412.48	430.940000000001	450.400000000001	471.860000000001	499	532	560	593.700000000001	630.32	670	704.08	771.08	1513
SINE/tRNA-Deu	16	29	32	34	37	38	40	41	43	44	45	47	48	50	51	52	54	54	56	56	57	58	59	60	60.84	61.5	62	63	63.48	65	66	67	67	68	69	70	70.76	72	73	74	75.4	76.06	78	79	80	81	83	84	85	86	88	89	90	91	92	93.3	95	97	97.28	99.94	102	103	104	105.58	106.24	107	108	109	110	113	114.2	115.86	118	120	122.84	125	129	131	134	138.14	140	141.46	145	148	151.44	154	158.76	161	165	168	174	180	185	191.38	195.04	199.7	210.36	228	240.68	265.560000000001	342
LINE/RTE-BovB	10	28	34	37	39	41	43	45	47	48	50	51	52	54	55	56	58	59	61	62	63	65	66	67	69	70	71	72	74	75	76	77	79	80	82	83	85	86	88	89	91	92	94	96	97	99	101	102	104	106	108	109.17	112	114	116	119	121	123	125	128	130	133	135	138	141	144	148	151	154	157	160	164	168	172	176	181	186	192	196	202	208	213	219	225	231	239	247	255	264	276	287	300	316	332	353	373.650000000001	405.32	441.99	498	602	1446
SINE/5S-Deu-L2	10	28	29.26	34	37	39	41	42	44	45	47	48	49	50.69	51.8200000000001	52	53.08	54	55	56	57	58	58	59	60	60	61	62	63	64	65	65	66	67	68	69	70	72	73	74	75	76	77	78	79	81	83	84	86	87	88	90	91	93	95	96	98	99	101	102	104	105	107	109	112	113	115	118	119	122	124	126	129	131	133	136	139	143	145	148	151	154	157.66	161	165	168.05	172.18	176.31	181	186	190.7	198	203.96	210	222.22	232.35	245	257	273	314.87	491
DNA/PiggyBac	10	24	35.26	41.39	47.52	52	58.78	64	69	73	75.3	76	78	81.69	88	93	97	103	111	114	117	119	121	122	123	123	124	124	124	125	125	126	126	126	126	126.55	127	127	127	127	127	127	127	128	128	128	128	128	128	128	128	129	130	131	132	134	135.28	137	138	139	142.8	148	154.06	162.19	171	183	190	203.71	215.84	228.97	235.1	241	254	281	296	320	345.76	366	388.14	410	432	458	479.66	489.79	493	497	500.18	504	506	507	508	510	512	514.09	519.22	549.35	625.48	736.22	901	1157.75	1558
DNA/hAT?	10	39.47	46.94	54	57.88	60.35	63	65.29	69.76	72	74	76	78.64	80.11	83	85	87	88	90	92	94	96	97	99	101	103	105	108	109	111	113	115	118	119	121	123	124	126	128	130	132	134	136	137	140	142	143.62	146	148.56	151.03	153	155	157.44	160	162	164.85	168	172	174	177	179.2	182	184	186.61	189	193	195	198	201	205	207.9	212	215	217	220	225	228.72	233	236	241	246.6	251.07	256	260	266.48	272	281	286.89	296	307	316	331	344.24	361	385.18	476.200000000001	543.12	597	654.439999999999	776.06	903
DNA	10	36	42	46	49	51	53	55.14	57	59	61	63	64	66	68	69	70	72	73	75	76	77	79	81	82	83	85	86	87	88	90	91	92	94	95	96	98	99	101	102	104	105	107	108.86	110	113	115	117	118	120	122	123	125	127	129	130	132	134	136	138	139	141	143	145	147	149	151	154	156	158	160	163	165	168	171	173	177	180	184	188	193	197	202	207	213	219	225	232	240	249	257	266	278	290	306	322	345.92	384.94	451.88	546.98	1224
DNA/TcMar-Mariner	10	25	31	34	36	38	38	40	41	42	43	44	44	45	45	46	46	47	48	49	50	50	51	52	53	54	55	58	59	61	62	63	64	65	66	67	68	69	70	71	72	73	73	74	74	75	75	76	76	76	77	77	77	77	78	78	78	78	78	79	79	79	79	79	80	80	82	84	87	90	94	99	104	111	120	129	139	149	157	167	178	191	205	219	233	250	271	290	316	343	383	431.99	503.880000000001	614.540000000001	754	944.100000000002	1108.44	1242.33	1269	1284	1413
RC/Helitron	10	32	40	46	50	56	60	62	65	68.55	72	75	77	80	83	85	88	90	91	92	96	98	103	104	106	109	111	113	115	117	119	121	124	126	129	131	134	136.15	140	141.05	144	148	151	154	157	161	163	166	168.6	170.55	172.5	175	178	179.35	183	185	188	190	195	198	203	207	212	216	220	227	231.7	236.65	242.6	249	256	262	269	274	281	291.25	297.2	306.15	314	320.05	326	335	346	354	364.6	375.75	382	390	402.6	410.55	418	422	430	439	450.3	467.000000000001	494.2	556.599999999999	635.799999999999	750.549999999999	1074
LTR/Gypsy?	10	37	45	50	54	57	60	63	65	69	71	73	76	78	80	83	85	87	89	91	93	95	97	99	101	103	105	107	110	112	114	115	117	119	121	122	124	126	128	130	132	134	136	138	140	142	144	146	149	150.59	153	155	157	159	161	163	165	167	170	172	175	178	181	184	187	190	194	198	203	208	213	216	222	228	233.34	238	244	251	255	262	270	276	284	293	303	312	320.26	331	342	352	362	373.81	388	399.63	417.540000000001	435	462	502.27	558.360000000001	640	861
DNA/hAT-Tip100?	11	30	44	49	53.4	58.5	61	64	66	69	71	75	77	79	82	84	86	88.7	90	92	94	96	97	99	102	104	105	107	108	110	112	113	114	115	116.4	118	119	121	122	124	125	127	128	130	131	133	135	137	138	139	142	144	145	147	148.4	151	152.6	154	156	158	160	162.1	165	167	169	170	173	175	177	179	181	184	186	190	193	195	196	198	201	204	206	208	210	214	217	220	224	230	236	242	249	259	269	282.3	292	307.5	323.8	355	388.400000000001	439	848
SINE/tRNA-RTE	10	30	38	41	45	47	49	51	53	55	57	58	60	61	63	65	66	67	69	70	72	73	74	76	77	78	80	81	82	84	85	86	88	90	91	92	94	95	96	97	99	100	102	104	105	107	109	110	112	114	115	117	119	120	122	123.25	125	127	129	131	133	135	137	140	142	144	146	149	151	154	156	158	161	163	166	169	171	174	177	179	182	185	188	190.05	193	196	199	202	206	210	214	218	222	229	234	238.25	244	250	257	266.65	308
SINE/tRNA	13	32	36	40	41	43	44	45.37	47	49	50	52	53	54	55	56.65	58	59	61	61	63	64	65	66	67	68	69	70	72	73	74	75	76	77	77	78	80	81	82	83	84	85	86.2199999999999	88	89	91	92	94	95	97	98	100	102	104	105	107	109	110	112	114	116	118.51	121	123	125	127	130	132	134	136	139	141.61	145	147	150	154	157	159	162.98	165.89	169.8	174	177	182.53	186.44	191.35	196	202	209	215	220.9	231.81	241.72	247.63	259	269.45	284	301.27	321.54	371	433
LINE/Jockey	27	30	35	37	40.6	41	43	43	44.6	45	46	48.2	49.4	50	50.8	52	53	53.4	54	54	55	56.2	57	58.6	59	59	60	60	60.6	61.8	63	63.2	65	65.6	66	66	67.2	68.4	69.6	70.8	72	73	74.4	75.6	76.8	77	80.2	81.4	83	83	84	84	85	86.8	89.6	91	92.4	94.4	95.6	98.8	101	102.2	104	105	107.6	109	109.2	110.4	113	113.8	117	118	119.2	121.6	123.8	124	131	137.4	140.2	141	144	145.4	148.4	151.6	154.8	165	168.6	179.8	202.6	211.2	215	216.4	243	249	255.2	260	277.8	307.6	315.8	322.6	347
LINE/Penelope	19	27	30	32	33.84	35	37	38	39	40	41	42	43	44	45	46	47	48	49	49.24	51	51	52	52	53	53	54	54	55	55	56	57	58	59	60	61	61	62	62	63	64	65	65	66	67	68	68.16	69	70	71	71	72	73	73	74	75	76	77	78	79.64	81	82	83	84	85	86	87	88	89	90	92	94	95	97	98	100	101	102	103	104	107	108	111	114.68	117	120	123	129	135	141	149.4	157	165.32	178	185.2	203.6	237.48	265.839999999999	294.16	354.399999999999	762
LINE/Dong-R4	22	41	46	53.5	62	65	69	73	77	78	82	84.5	86	87	89	92	93	95	99	100.5	103	104	105	106.5	108	110	115	118	120	121.5	123	126.5	128	131	133	136	139	142	144	147.5	150	153.5	155	157	159	162	165	166.5	169	172	176	181	184	187	189	190	192	194	195	198	200	206.5	211	214	216	222	225	230	234	241	250	257	263	267	274	282.5	287	292	296	304	311	317	324	327.5	338	351.5	356	372.5	382	394	411	429	436	451.5	474	485	540	581.5	632	752	1312
DNA/TcMar-Tc1	12	24	30	32.44	35.84	41.4	47.88	50	54.68	55	59.8	63.28	64.76	68	71.72	74.2	77	80	81.64	83	85	86	87	89	90	91	94	95	97.44	98.92	101.4	104	107	110	114	116	117	120.76	124	125.72	128	131.68	134.32	137	141	144.6	145	147	149	152.52	155	158	160	166.32	169	171	174	176.36	179.84	182	184	186.28	187	189.24	193	197.2	201	203.16	206	207.36	213.6	218.08	222	225	227	231	238	240	243.44	246	251.4	253.88	256.36	264.84	268	272	277.84	284	291.24	300.44	308	312.68	317	320.64	325	329.8	342.08	347	358.04	381.679999999999	556
DNA/Kolobok	10	36.24	48.62	49.93	57.24	60.1	64.72	70.17	73.96	81.79	86	86	88	91.06	94.34	95.65	98.92	102.27	105	106	108.2	110.02	116	117.13	118.44	119.75	122.06	123.37	125.68	127.98	129.3	130.61	134.92	137	139.08	142.55	144	145.94	147	147	149.4	150	151.02	152.33	154.28	155	159.26	160.57	162	163.19	168	172	177.48	182	184.74	186.05	187	188	189	190	192.2	194.91	198	200.65	211.2	215.15	216.46	218	220	222	224	227.07	234.32	235.63	237.88	243	246.56	253.09	257	259.49	261.8	265.11	269.42	278.65	282.04	284	285.98	293.91	297.56	307.31	316.6	321.1	330.52	336.32	340	344.7	362.12	369.33	392	397.83	429
DNA/TcMar	13	33	42	47	51	55	58.98	60	63	65.97	68	69	72	74	76	78	79	81	83	85	86	87	89	90	92	94	95	97	99	101	102	104	105	106	108	110.55	112	113	115	116	118	119	120	122	124	125	127	129	131	132.17	134	136	138	140	142	144	146.48	148	150	151.47	153	156	158	160	161	163.45	166	170	172	175	176.1	178	180.76	183.09	187	191	194	198.41	202.74	208	212	218	224	229	233	239	244.38	250	257	266.37	278.7	288.03	302.36	312.69	322.060000000001	333.7	356.68	374.01	427.739999999999	484.67	640
RC?/Helitron?	12	40.36	47	55	58	62	64	65	66.72	68	69	74	77.08	79	80	83	84	87	88.12	90	92.6	93.14	95	98	101	103	105.84	108	109	112.86	115	115	117	118	120	121	122	124	125.92	127.26	129	132.94	133.28	135	135	136	137	138	141	141	143	145	147	148.02	149.36	152.4	154	155	156.72	158	159	160	162	164	165.76	168.1	171	172.78	176	177	181.8	183.14	186.96	191	193	194.5	197.84	199.18	203.04	206.86	208.2	210	212.88	215.22	219	221.8	222	223	224.92	226.26	228	233	238.84	243.62	256.84	266.3	271.64	282.98	286.28	294.32	317
DNA?/hAT-Tip100?	13	31.76	45.14	52.71	60	64.95	68.14	71	73.52	79.71	83.9	86	87	90	93	96	100	103.23	105	110	112	113.99	117	118	120	124.75	126	130.13	132.32	136	138	139	141.08	145	148.46	151.3	155.84	158	166	170	174	175.79	180.98	183.17	185.72	189.1	194.74	195	197	202	204.5	209	211	213	213	216.45	219	224	228.02	232	236.8	242.59	244.78	246.97	252	256	263.16	267.73	272	278.55	288	293.94	308.04	315	323.24	334.5	345	356.26	360.82	367.01	378.2	392.17	400.58	410.54	424	431.15	437.36	456.12	463.72	478.82	487.6	508.87	515.48	537.67	546.72	551.05	560.2	575.15	608.02	645.67	776
DNA/Merlin	25	28.36	31.6	34.4	36.48	37.6	38	38	39.44	41.2	44	46.16	46.72	50.64	57.92	63.2	67.68	70.6	73.08	73.64	74.6	76.28	78.28	80.52	86.72	94	94	94.24	95.36	96.24	96.8	101.32	108.04	111.88	115	115	115.48	117.16	118.84	120.52	127.4	136.36	140.12	143.96	150.68	162	181.6	192.88	197.92	200.32	202	203.68	205.48	207.72	209.48	210.6	220.72	235.84	238.48	240.2	257	274.12	292.04	302.96	306.88	328	356	367.88	378.28	387.24	393	393	402.92	420.28	435	449	456.84	470.08	503.12	532.32	556.4	572.56	584.32	589.84	595.96	623.4	650.36	676.12	689.84	691.52	718	754.4	798.08	842.56	888.48	941.2	1006.16	1085.52	1175.68	1195	1195
DNA?/PiggyBac?	17	37.86	44.58	45.79	51	53.3	55.58	59.02	62.44	65	67	69	70	71	72	72.95	73.88	74.81	75.74	78	79	79	80.46	82	82.32	83.25	84	84.22	88	89	89.9	91.83	92	93	93	94	95	97	99.34	101	102.2	105	106.06	107.99	109	110.85	113.78	116.42	117	118	120	121.43	125.36	126.58	129.22	130.3	132	134	134	136.74	137	138.73	139.66	140	142.52	143.45	145.38	146.62	153	155.34	158	159	160	165.67	168.82	171.75	174	177.83	179.54	181.47	184.4	190.33	199.04	206.19	211.36	219.4	231.94	236.82	261.68	271.08	274	277.26	294.12	301.49	308.84	334.2	350.879999999999	394.63	421	457.26	551
DNA/TcMar-Pogo	47	48.8	50.6	52.16	52.88	53.6	54.48	55.56	56.64	61.56	68.4	75.24	76	76	76	76	76	76	76	76	77.4	79.92	82.44	83	83	83	83.36	83.72	84.88	88.84	92.8	95.32	96.04	96.76	97.48	98.2	98.92	99.32	99.68	100.08	100.8	101.52	102.6	104.4	106.2	107.8	109.24	110.68	112.4	114.2	116	117.44	118.88	120.08	120.44	120.8	121	121	121	122.2	124	125.8	127.28	128.72	130.04	130.4	130.76	131.12	131.48	131.84	132.2	132.56	132.92	133.28	133.64	134	135.44	136.88	138.64	141.52	144.4	146.32	147.04	147.76	150.16	153.4	156.64	157.32	157.68	158.08	158.8	159.52	160.24	160.96	161.68	163.4	165.92	168.44	169.84	170.92	172
LINE/L1-Tx1	11	39.28	42.52	48	48	48	60.4	70.32	73.16	83.44	85	88.36	90.12	94	94	94	95.08	96	99.84	102.88	107.6	112.48	114.36	116.96	124.24	129	130	131	132.64	134.04	137	141.12	148.32	150.2	158.68	170.4	177.04	178.56	185.76	189	189.4	192	200.64	201.84	204.16	206.2	209.48	213.36	223.44	229.36	233	237.88	239.76	248.92	251	253.4	255.84	258.16	265.12	268.92	272.6	277.04	296.36	302.76	307.28	312.2	314	314.96	317.68	318.72	321.8	324.48	327.36	329.68	337.84	347	363	366.52	372.28	378	382	392.28	395.32	404.24	421.96	452.2	458.72	462	481	516.76	532.6	538.28	554.92	594.6	628.72	664.8	694.32	755.68	778.84	820.32	865
DNA/TcMar?	54	66.02	68.34	73.01	74.68	77.7	80.04	86.14	90.36	96	96.7	98	99	99.71	102.14	104.05	105	106	107.12	111.92	114.4	117.14	122.7	125.82	127	127.75	128.42	130.09	131	133	133	133.77	135	135	137.34	139	140.12	141.79	142	145.13	146.8	148.47	150	150	151	152.15	153	153.49	155	155	156.5	157.34	164.04	165	166	168.55	171.52	173.19	176.58	178.59	182.2	186.48	191.78	195.63	198.88	201.55	202.66	206.78	214.56	215.23	221.4	224.14	226.48	228	233.8	238.5	243.68	250	251.78	254	258.6	263.08	266.94	269.44	272.56	282.55	291.34	297.45	309.64	316.63	325.5	329	335.92	369.23	399.84	405.55	410.28	413.99	422.94	506.26	550
DNA/PIF-Harbinger	36	36.87	37.74	38.61	39.16	39.45	39.74	40	40	40	40	40.19	40.48	40.77	41	41	41	41	41.66	42.53	43.4	44.18	44.76	45.34	45.92	46.25	46.54	46.83	47.12	47.41	47.7	47.99	48	48	48	48.15	48.44	48.73	49.02	49.31	49.6	49.89	50.18	50.47	50.76	51.1	51.68	52.26	52.84	53.21	53.5	53.79	54	54	54	54	54.24	54.53	54.82	55.11	55.4	55.69	55.98	56.27	56.56	56.85	57	57	57	57.01	57.3	57.59	57.88	58.17	58.46	58.75	59.04	59.33	59.62	59.91	60.8	61.96	63.12	64.14	64.72	65.3	65.88	66.46	67.04	67.62	68.6	70.34	72.08	73.82	75.56	77.3	79.04	82.21	87.14	92.07	97
SINE?/tRNA	17	18.28	19.56	20.84	22.12	23.4	24.68	25.96	27.24	28.52	29.8	31.08	32.36	33.64	34.92	36.2	37.48	38.76	40.04	41.32	42.6	43.88	45.16	46.44	47.72	49	49.04	49.08	49.12	49.16	49.2	49.24	49.28	49.32	49.36	49.4	49.44	49.48	49.52	49.56	49.6	49.64	49.68	49.72	49.76	49.8	49.84	49.88	49.92	49.96	50	50.6	51.2	51.8	52.4	53	53.6	54.2	54.8	55.4	56	56.6	57.2	57.8	58.4	59	59.6	60.2	60.8	61.4	62	62.6	63.2	63.8	64.4	65	65.64	66.28	66.92	67.56	68.2	68.84	69.48	70.12	70.76	71.4	72.04	72.68	73.32	73.96	74.6	75.24	75.88	76.52	77.16	77.8	78.44	79.08	79.72	80.36	81
