DNA	6503	946685	145.57
DNA/Kolobok	232	43017	185.41
DNA/MULE-MuDR	1949	704153	361.28
DNA/Merlin	57	17783	311.98
DNA/PIF-Harbinger	30	1632	54.4
DNA/PiggyBac	2114	498480	235.79
DNA/TcMar	1834	286663	156.3
DNA/TcMar-Mariner	16390	2835653	173.01
DNA/TcMar-Pogo	37	4149	112.13
DNA/TcMar-Tc1	649	109417	168.59
DNA/TcMar-Tc2	8147	1671626	205.18
DNA/TcMar-Tigger	125710	38187190	303.77
DNA/TcMar?	168	32004	190.5
DNA/hAT	8917	1189935	133.44
DNA/hAT-Ac	5533	779077	140.8
DNA/hAT-Blackjack	19734	3423142	173.46
DNA/hAT-Charlie	266107	47788838	179.58
DNA/hAT-Tag1	2372	551668	232.57
DNA/hAT-Tip100	53611	10053943	187.53
DNA/hAT-Tip100?	2411	379372	157.35
DNA/hAT?	2048	383853	187.42
DNA?	3498	464051	132.66
DNA?/PiggyBac?	294	42508	144.58
DNA?/hAT-Tip100?	520	126629	243.51
LINE/CR1	68381	12166098	177.91
LINE/Dong-R4	551	119297	216.5
LINE/Jockey	221	23662	107.06
LINE/L1	950736	520973110	547.96
LINE/L1-Tx1	189	50768	268.61
LINE/L2	523574	112288855	214.46
LINE/Penelope	1097	97368	88.75
LINE/RTE-BovB	8868	1291737	145.66
LINE/RTE-X	15596	3655342	234.37
LTR	7911	1667318	210.75
LTR/ERV1	148373	86246323	581.28
LTR/ERV1?	1540	287622	186.76
LTR/ERVK	8072	9189477	1138.43
LTR/ERVL	145019	58519705	403.53
LTR/ERVL-MaLR	309350	113119042	365.66
LTR/ERVL?	3824	945501	247.25
LTR/Gypsy	17874	3957934	221.43
LTR/Gypsy?	7692	1449330	188.42
LTR?	8408	1687173	200.66
RC/Helitron	1796	386690	215.3
RC?/Helitron?	435	65220	149.93
Retroposon/SVA	5565	4335051	778.98
SINE/5S-Deu-L2	2614	277926	106.32
SINE/Alu	1196725	310072960	259.1
SINE/MIR	598863	85345199	142.51
SINE/tRNA	2292	275471	120.18
SINE/tRNA-Deu	667	66764	100.09
SINE/tRNA-RTE	5836	735821	126.08
SINE?/tRNA	5	262	52.4
