Alu	7748	432085	55
AluJb	117273	28760250	245
AluJo	45868	9883501	215
AluJr	114124	27793612	243
AluJr4	12307	2680746	217
AluSc	37679	10481010	278
AluSc5	4143	1150167	277
AluSc8	20437	5935976	290
AluSg	42580	12295971	288
AluSg4	11821	2916174	246
AluSg7	5829	1652214	283
AluSp	64572	18295563	283
AluSq	12256	3485988	284
AluSq10	1528	394203	257
AluSq2	51711	14653397	283
AluSq4	1638	454106	277
AluSx	124945	33422256	267
AluSx1	106483	30652964	287
AluSx3	38631	9539413	246
AluSx4	11827	3256752	275
AluSz	118033	33190551	281
AluSz6	40962	10955832	267
AluY	98084	28639045	291
AluYa5	3782	1123191	296
AluYa8	390	45774	117
AluYb8	2645	768845	290
AluYb9	378	109923	290
AluYc	6703	1337392	199
AluYc3	557	145328	260
AluYd8	224	51798	231
AluYe5	1297	337507	260
AluYe6	193	53631	277
AluYf1	1999	582737	291
AluYg6	811	159176	196
AluYh3	649	166290	256
AluYh3a3	158	35467	224
AluYh7	462	77698	168
AluYh9	168	12495	74
AluYi6	454	81158	178
AluYi6_4d	46	10588	230
AluYj4	2787	652013	233
AluYk11	171	36485	213
AluYk12	100	25989	259
AluYk2	6622	1872148	282
AluYk3	6065	1672033	275
AluYk4	1095	315419	288
AluYm1	4667	1348527	288
AmnSINE1	2614	277926	106
AmnSINE2	667	66764	100
Arthur1	2337	762319	326
Arthur1A	1160	157171	135
Arthur1B	2312	597442	258
Arthur1C	710	103221	145
Arthur2	989	253026	255
BLACKJACK	2129	822328	386
CR1-11_Crp	25	2999	119
CR1-12_AMi	133	27067	203
CR1-13_AMi	102	15922	156
CR1-16_AMi	306	59640	194
CR1-1_Amn	66	9738	147
CR1-3_Croc	1338	188820	141
CR1-8_Crp	7	1038	148
CR1-L3A_Croc	323	37990	117
CR1-L3B_Croc	37	3438	92
CR1_Mam	1695	348925	205
CRP1	5	262	52
Chap1_Mam	484	90439	186
Chap1a_Mam	1415	220058	155
Charlie1	1930	634817	328
Charlie10	1131	316672	279
Charlie10a	305	48317	158
Charlie10b	273	43613	159
Charlie11	104	40301	387
Charlie12	21	7826	372
Charlie13a	548	178029	324
Charlie13b	404	83520	206
Charlie14a	523	85680	163
Charlie15a	3213	414141	128
Charlie15b	1888	364459	193
Charlie16	1464	328900	224
Charlie16a	1410	226388	160
Charlie17	535	136278	254
Charlie17a	1214	172404	142
Charlie17b	527	156271	296
Charlie18a	2463	409201	166
Charlie19a	1605	270175	168
Charlie1a	5747	2199611	382
Charlie1b	3033	654936	215
Charlie20a	869	209361	240
Charlie21a	742	209520	282
Charlie22a	1112	189267	170
Charlie23a	1488	241631	162
Charlie24	1286	271375	211
Charlie25	1076	396259	368
Charlie26a	513	80311	156
Charlie29a	978	291751	298
Charlie29b	1420	271929	191
Charlie2a	2080	634266	304
Charlie2b	3650	960795	263
Charlie3	337	285943	848
Charlie30a	457	76997	168
Charlie30b	614	110587	180
Charlie31a	803	161575	201
Charlie32a	259	33599	129
Charlie4	917	157315	171
Charlie4a	2852	740210	259
Charlie4z	5940	680044	114
Charlie5	2568	577209	224
Charlie6	260	124085	477
Charlie7	3902	1060765	271
Charlie7a	1424	221401	155
Charlie7b_Mars	59	14231	241
Charlie8	4378	913442	208
Charlie9	1284	227882	177
Cheshire	1020	373879	366
Chompy-6_Croc	16	842	52
Chompy-7_Croc	14	790	56
DNA1_Mam	169	29104	172
ERV24B_Prim-int	325	248227	763
ERV24_Prim-int	373	251757	674
ERV3-16A3_I-int	5053	4321617	855
ERV3-16A3_LTR	898	239183	266
ERVL-B4-int	3211	2833672	882
ERVL-E-int	7217	4049097	561
ERVL-int	713	540086	757
ERVL47-int	183	178643	976
EUTREP15	196	50427	257
EUTREP16	411	61676	150
EUTREP4	294	42508	144
EUTREP7	275	57672	209
EUTREP8	275	43683	158
Eulor1	86	13076	152
Eulor10	39	5836	149
Eulor11	101	16433	162
Eulor12	60	6417	106
Eulor2A	67	9734	145
Eulor2B	57	9004	157
Eulor2C	38	4519	118
Eulor3	37	5691	153
Eulor5A	126	18053	143
Eulor5B	43	4980	115
Eulor6A	30	3989	132
Eulor6B	64	10523	164
Eulor6C	21	2576	122
Eulor6D	75	12005	160
Eulor6E	31	4296	138
Eulor7	12	1552	129
Eulor8	144	29114	202
Eulor9A	123	15655	127
Eulor9B	27	3115	115
Eulor9C	107	9614	89
EutTc1-N1	56	9001	160
EutTc1-N2	198	29903	151
EuthAT-2	1150	365838	318
EuthAT-N1	78	13293	170
EuthAT-N1a	46	6636	144
Eutr10	997	247173	247
Eutr11	597	148086	248
Eutr15	657	138963	211
Eutr16	520	126629	243
Eutr18	675	112763	167
Eutr2	230	36810	160
Eutr2B	433	72231	166
Eutr5	394	82062	208
FAM	4262	638165	149
FLAM_A	14934	1703002	114
FLAM_C	24406	2985078	122
FRAM	20221	2803327	138
FordPrefect	599	302027	504
FordPrefect_a	281	60674	215
HAL1	21238	7754757	365
HAL1M8	2197	884810	402
HAL1ME	7407	1811552	244
HAL1b	4340	1214368	279
HERV-Fc1-int	6	28775	4795
HERV-Fc1_LTR1	10	3512	351
HERV-Fc1_LTR2	3	1279	426
HERV-Fc1_LTR3	3	1407	469
HERV-Fc2-int	2	12906	6453
HERV-Fc2_LTR	2	159	79
HERV15-int	51	188907	3704
HERV16-int	1623	934989	576
HERV17-int	415	1040213	2506
HERV1_I-int	30	114138	3804
HERV1_LTRa	22	9194	417
HERV1_LTRb	7	3278	468
HERV1_LTRc	19	7102	373
HERV1_LTRd	14	6076	434
HERV1_LTRe	22	6872	312
HERV3-int	188	471409	2507
HERV30-int	43	157790	3669
HERV35I-int	491	407973	830
HERV4_I-int	287	288718	1005
HERV9-int	266	1017122	3823
HERV9N-int	183	501145	2738
HERV9NC-int	199	883995	4442
HERVE-int	193	555299	2877
HERVE_a-int	138	412614	2989
HERVFH19-int	101	141111	1397
HERVFH21-int	94	174560	1857
HERVH-int	1492	6542527	4385
HERVH48-int	78	246002	3153
HERVI-int	59	170337	2887
HERVIP10B3-int	161	381955	2372
HERVIP10F-int	203	514357	2533
HERVIP10FH-int	320	453776	1418
HERVK-int	173	631410	3649
HERVK11-int	134	514620	3840
HERVK11D-int	32	119270	3727
HERVK13-int	40	110886	2772
HERVK14-int	205	336318	1640
HERVK14C-int	50	156504	3130
HERVK22-int	296	669048	2260
HERVK3-int	196	436839	2228
HERVK9-int	295	1197229	4058
HERVKC4-int	52	88016	1692
HERVL-int	1885	4421965	2345
HERVL18-int	174	458007	2632
HERVL32-int	89	92211	1036
HERVL40-int	988	625376	632
HERVL66-int	67	110721	1652
HERVL74-int	237	172535	727
HERVP71A-int	202	328505	1626
HERVS71-int	92	438774	4769
HSMAR1	716	464698	649
HSMAR2	1770	1088497	614
HUERS-P1-int	394	548032	1390
HUERS-P2-int	178	337179	1894
HUERS-P3-int	445	720802	1619
HUERS-P3b-int	339	496693	1465
Harlequin-int	286	932652	3261
Helitron1Na_Mam	326	81712	250
Helitron1Nb_Mam	359	84116	234
Helitron2Na_Mam	435	65220	149
Helitron3Na_Mam	1111	220862	198
Kanga1	812	179361	220
Kanga11a	883	183071	207
Kanga1a	843	215483	255
Kanga1b	379	96918	255
Kanga1c	826	155242	187
Kanga1d	664	125931	189
Kanga2_a	1534	412091	268
L1HS	1571	3380023	2151
L1M	748	74440	99
L1M1	9983	9010144	902
L1M2	9096	5296193	582
L1M2a	489	439745	899
L1M2a1	120	110942	924
L1M2b	220	160138	727
L1M2c	450	376706	837
L1M3	7225	2493186	345
L1M3a	636	307823	483
L1M3b	564	410537	727
L1M3c	1070	612279	572
L1M3d	532	292290	549
L1M3de	499	305276	611
L1M3e	810	503655	621
L1M3f	671	548686	817
L1M4	20125	8293611	412
L1M4a1	2655	1181388	444
L1M4a2	2051	874536	426
L1M4b	4228	2309286	546
L1M4c	3615	2118184	585
L1M5	44640	12385977	277
L1M6	5357	1540158	287
L1M6B	730	149070	204
L1M7	3059	1042224	340
L1M8	1662	666511	401
L1MA1	4314	4190697	971
L1MA10	5109	1787113	349
L1MA2	7417	7124034	960
L1MA3	8888	8463575	952
L1MA4	10000	6156096	615
L1MA4A	6240	5019999	804
L1MA5	4447	2850070	640
L1MA5A	3431	1807178	526
L1MA6	5458	3269217	598
L1MA7	8595	4053733	471
L1MA8	11124	5488245	493
L1MA9	16437	7929604	482
L1MB1	6197	3215633	518
L1MB2	8944	3618236	404
L1MB3	17260	6865482	397
L1MB4	9160	3634798	396
L1MB5	9769	3922646	401
L1MB7	23185	10351351	446
L1MB8	16563	7093809	428
L1MC	7862	2381064	302
L1MC1	13002	7670922	589
L1MC2	6382	3227834	505
L1MC3	13130	7152391	544
L1MC4	23685	8012668	338
L1MC4a	9991	3777975	378
L1MC5	14431	4333245	300
L1MC5a	17929	5242802	292
L1MCa	7243	4095462	565
L1MCb	2145	1120702	522
L1MCc	3179	1355292	426
L1MD	8496	2815589	331
L1MD1	6979	4102617	587
L1MD2	10982	5061354	460
L1MD3	5356	1838587	343
L1MDa	6954	3857144	554
L1MDb	971	433824	446
L1ME1	31305	14956459	477
L1ME2	12799	5550315	433
L1ME2z	7272	2407655	331
L1ME3	9162	3269641	356
L1ME3A	15879	5960400	375
L1ME3B	8120	2834474	349
L1ME3C	3264	1065143	326
L1ME3Cz	14145	4355990	307
L1ME3D	4186	1551640	370
L1ME3E	4540	1640368	361
L1ME3F	4605	1568035	340
L1ME3G	18628	4815589	258
L1ME4a	29291	6521136	222
L1ME4b	24590	6287001	255
L1ME4c	9421	2063162	218
L1ME5	3442	1062603	308
L1MEa	355	125531	353
L1MEb	1672	594544	355
L1MEc	17812	8588195	482
L1MEd	16918	6104964	360
L1MEf	11271	5412511	480
L1MEg	13185	5339697	404
L1MEg1	1013	303479	299
L1MEg2	755	243530	322
L1MEh	3050	998706	327
L1MEi	5311	1764764	332
L1MEj	2345	752395	320
L1P	161	14290	88
L1P1	3259	2872791	881
L1P2	1631	2272735	1393
L1P3	3552	2729447	768
L1P3b	83	48688	586
L1P4	3775	1649788	437
L1P4a	601	637072	1060
L1P4b	155	136400	880
L1P4c	43	21588	502
L1P4d	167	145461	871
L1P4e	194	144501	744
L1P5	762	138739	182
L1PA10	7090	6687935	943
L1PA11	4144	4089098	986
L1PA12	1769	1494728	844
L1PA13	9060	7595381	838
L1PA14	3056	2877200	941
L1PA15	8463	8031410	949
L1PA15-16	1431	1479439	1033
L1PA16	13973	11142167	797
L1PA17	4789	3145553	656
L1PA2	4918	9579670	1947
L1PA3	10703	19105545	1785
L1PA4	11926	18737733	1571
L1PA5	11398	16116777	1414
L1PA6	6051	11147457	1842
L1PA7	13116	19729765	1504
L1PA8	8111	6872514	847
L1PA8A	2429	3212159	1322
L1PB	1846	992733	537
L1PB1	13093	12969153	990
L1PB2	2887	2316561	802
L1PB3	3601	2816063	782
L1PB4	7440	4106184	551
L1PBa	2167	2540012	1172
L1PBa1	441	632070	1433
L1PBb	317	354381	1117
L1PREC2	7902	6322397	800
L2	54017	14633325	270
L2-1_AMi	951	186239	195
L2-1_Crp	41	5325	129
L2-2_Mam	520	57940	111
L2-3_AMi	12	1385	115
L2-3_Crp	1730	393056	227
L2a	166340	41350173	248
L2b	91943	17466353	189
L2c	126360	25778778	204
L2d	27881	4594674	164
L2d2	52674	7686710	145
L3	45293	8836071	195
L3b	9560	1343306	140
L4_A_Mam	6597	1674996	253
L4_B_Mam	3247	733832	226
L4_C_Mam	5015	1092330	217
L5	737	154184	209
LFSINE_Vert	2292	275471	120
LOR1-int	978	827925	846
LOR1a	702	272336	387
LOR1b	950	329112	346
LTR06	98	27496	280
LTR1	220	139903	635
LTR101_Mam	1140	311408	273
LTR102_Mam	517	166491	322
LTR103_Mam	746	131048	175
LTR103b_Mam	598	106147	177
LTR104_Mam	1959	404235	206
LTR105_Mam	666	173811	260
LTR106_Mam	638	161838	253
LTR107_Mam	423	88290	208
LTR108a_Mam	85	26428	310
LTR108b_Mam	53	15353	289
LTR108c_Mam	43	13051	303
LTR108d_Mam	65	22519	346
LTR108e_Mam	166	47041	283
LTR109A2	25	6719	268
LTR10A	263	117908	448
LTR10B	64	27570	430
LTR10B1	114	37248	326
LTR10B2	56	19761	352
LTR10C	481	223677	465
LTR10D	166	72694	437
LTR10E	205	96871	472
LTR10F	277	125730	453
LTR10G	80	34952	436
LTR12	600	406319	677
LTR12B	135	301464	2233
LTR12C	2539	3488237	1373
LTR12D	388	337435	869
LTR12E	106	92932	876
LTR12F	528	208669	395
LTR12_	430	244593	568
LTR13	420	375110	893
LTR13A	179	143038	799
LTR13_	42	37720	898
LTR14	74	34998	472
LTR14A	85	27739	326
LTR14B	244	124452	510
LTR14C	99	49712	502
LTR15	211	80764	382
LTR16	2446	723846	295
LTR16A	3590	1059885	295
LTR16A1	2540	733371	288
LTR16A2	1813	504574	278
LTR16B	571	174441	305
LTR16B1	1038	340751	328
LTR16B2	1337	417900	312
LTR16C	6578	1774228	269
LTR16D	1110	264798	238
LTR16D1	204	59363	290
LTR16D2	281	81466	289
LTR16E1	2465	648104	262
LTR16E2	2306	649839	281
LTR17	485	319068	657
LTR18A	78	26399	338
LTR18B	272	135124	496
LTR18C	43	13451	312
LTR19-int	157	202056	1286
LTR19A	340	124768	366
LTR19B	246	111110	451
LTR19C	104	53674	516
LTR1A1	320	219310	685
LTR1A2	711	461030	648
LTR1B	289	206817	715
LTR1B0	91	60930	669
LTR1B1	164	106071	646
LTR1C	65	38338	589
LTR1C1	55	30281	550
LTR1C3	64	22671	354
LTR1D	284	227380	800
LTR1D1	291	203117	697
LTR1E	282	198408	703
LTR1F	121	80700	666
LTR1F1	203	130028	640
LTR1F2	133	83657	629
LTR2	583	243426	417
LTR21A	67	28550	426
LTR21B	19	6442	339
LTR21C	13	5112	393
LTR22	78	39665	508
LTR22A	117	47342	404
LTR22B	122	54931	450
LTR22B1	106	48719	459
LTR22B2	40	13916	347
LTR22C	16	7010	438
LTR22C0	77	34804	452
LTR22C2	61	27356	448
LTR22E	73	29587	405
LTR23	802	169198	210
LTR23-int	152	63231	415
LTR24	272	81849	300
LTR24B	405	128369	316
LTR24C	358	115373	322
LTR25	202	89126	441
LTR25-int	453	629528	1389
LTR26	580	243522	419
LTR26B	135	41502	307
LTR26C	310	104960	338
LTR26D	196	71318	363
LTR26E	117	44104	376
LTR27	299	152389	509
LTR2752	205	221293	1079
LTR27B	139	65870	473
LTR27C	110	61784	561
LTR27D	213	98256	461
LTR27E	170	129912	764
LTR28	131	99551	759
LTR28B	238	177897	747
LTR28C	212	164502	775
LTR29	660	205175	310
LTR2B	212	94339	444
LTR2C	177	65063	367
LTR3	51	19682	385
LTR30	101	61734	611
LTR31	240	99055	412
LTR32	970	350886	361
LTR33	9223	2415102	261
LTR33A	2028	514159	253
LTR33A_	1659	451026	271
LTR33B	1585	346638	218
LTR33C	905	243708	269
LTR34	259	98891	381
LTR35	104	34405	330
LTR35A	72	25141	349
LTR35B	202	59899	296
LTR36	458	178301	389
LTR37-int	1171	534474	456
LTR37A	1719	412358	239
LTR37B	1822	435175	238
LTR38	220	85140	387
LTR38-int	103	50723	492
LTR38A1	153	44663	291
LTR38B	216	83913	388
LTR38C	127	49773	391
LTR39	1198	488802	408
LTR39-int	162	72322	446
LTR3A	103	40598	394
LTR3B	63	24427	387
LTR3B_	172	72152	419
LTR4	72	35358	491
LTR40A1	557	142580	255
LTR40a	1776	612592	344
LTR40b	993	288904	290
LTR40c	548	181006	330
LTR41	1124	358380	318
LTR41B	845	261423	309
LTR41C	757	207636	274
LTR42	307	109166	355
LTR43	368	137477	373
LTR43-int	124	102624	827
LTR43B	241	76696	318
LTR44	215	66456	309
LTR45	174	52552	302
LTR45B	441	142145	322
LTR45C	422	135550	321
LTR46	181	66048	364
LTR46-int	64	124986	1952
LTR47A	644	195247	303
LTR47A2	241	68126	282
LTR47B	46	11711	254
LTR47B2	150	51935	346
LTR47B3	93	31098	334
LTR47B4	99	35363	357
LTR48	891	366053	410
LTR48B	942	349215	370
LTR49	1217	411077	337
LTR49-int	1791	1130453	631
LTR5	27	5083	188
LTR50	2556	714226	279
LTR51	407	171772	422
LTR52	882	247531	280
LTR52-int	145	103741	715
LTR53	454	169129	372
LTR53-int	273	218859	801
LTR53B	178	71409	401
LTR54	1096	285721	260
LTR54B	734	226448	308
LTR55	378	146812	388
LTR56	953	263899	276
LTR57	210	67917	323
LTR57-int	322	206533	641
LTR58	74	26829	362
LTR59	105	36839	350
LTR5A	221	209156	946
LTR5B	380	300214	790
LTR5_Hs	566	502230	887
LTR60	39	7342	188
LTR60B	243	98701	406
LTR61	118	42321	358
LTR62	305	133122	436
LTR64	370	108910	294
LTR65	462	125229	271
LTR66	263	77539	294
LTR67B	3420	748492	218
LTR68	350	101243	289
LTR69	139	53254	383
LTR6A	218	100311	460
LTR6B	99	50807	513
LTR7	683	272302	398
LTR70	148	88805	600
LTR71A	101	37143	367
LTR71B	181	83464	461
LTR72	153	54549	356
LTR72B	162	51951	320
LTR73	214	83737	391
LTR75	289	95533	330
LTR75B	179	59115	330
LTR75_1	128	41107	321
LTR76	154	85216	553
LTR77	100	50732	507
LTR78	4800	1394789	290
LTR78B	3252	729774	224
LTR79	4043	806610	199
LTR7B	461	181940	394
LTR7C	203	86110	424
LTR7Y	61	22146	363
LTR8	3101	1435069	462
LTR80A	390	126352	323
LTR80B	505	157264	311
LTR81	321	65778	204
LTR81A	852	192899	226
LTR81AB	266	44152	165
LTR81B	1154	263415	228
LTR81C	727	174051	239
LTR82A	1036	334726	323
LTR82B	1152	334584	290
LTR83	724	179293	247
LTR84a	671	145626	217
LTR84b	1274	297409	233
LTR85a	1868	356361	190
LTR85b	1176	252832	214
LTR85c	1149	230157	200
LTR86A1	529	131229	248
LTR86A2	305	71014	232
LTR86B1	295	68209	231
LTR86B2	272	64807	238
LTR86C	284	79733	280
LTR87	624	203079	325
LTR88a	902	152038	168
LTR88b	1559	295183	189
LTR88c	1038	162759	156
LTR89	1093	218158	199
LTR89B	731	128320	175
LTR8A	1372	645697	470
LTR8B	1513	758947	501
LTR9	651	301106	462
LTR90A	406	67928	167
LTR90B	537	82410	153
LTR91	1563	326892	209
LTR91A	2393	512072	213
LTR9A1	438	205446	469
LTR9B	539	208514	386
LTR9C	107	45366	423
LTR9D	676	309510	457
Looper	531	181323	341
MADE1	7843	480122	61
MADE2	2664	186634	70
MARE10	79	10989	139
MARE4	308	27982	90
MARE6	189	50768	268
MARE8	218	24708	113
MARNA	3156	571134	180
MER101	325	102419	315
MER101-int	970	587504	605
MER101B	253	73280	289
MER102a	3028	522130	172
MER102b	3128	587283	187
MER102c	3112	504267	162
MER103C	8923	1378924	154
MER104	2206	303529	137
MER105	714	103627	145
MER106A	742	134967	181
MER106B	827	142591	172
MER107	337	50127	148
MER110	714	190377	266
MER110-int	347	194538	560
MER110A	593	162806	274
MER112	4468	679470	152
MER113	3734	767660	205
MER113A	2067	316105	152
MER115	2520	678257	269
MER117	4370	574187	131
MER119	1203	312778	259
MER11A	878	847506	965
MER11B	481	462388	961
MER11C	803	810823	1009
MER11D	196	159205	812
MER121	927	172042	185
MER121B	68	10658	156
MER123	46	7419	161
MER124	747	122647	164
MER125	140	16564	118
MER126	267	39523	148
MER127	211	35319	167
MER129	122	21736	178
MER130	181	34012	187
MER131	1106	120796	109
MER132	37	4149	112
MER133A	54	4289	79
MER133B	40	3239	80
MER134	89	11893	133
MER135	818	81018	99
MER136	28	4829	172
MER1A	3227	1399916	433
MER1B	5366	1560610	290
MER2	9067	2097429	231
MER20	16757	2983303	178
MER20B	4146	966651	233
MER21-int	951	655753	689
MER21A	1576	722890	458
MER21B	2531	1179349	465
MER21C	5012	2319604	462
MER2B	1710	256125	149
MER3	10909	1564754	143
MER30	4132	760373	184
MER30B	223	31947	143
MER31-int	906	555728	613
MER31A	1261	412142	326
MER31B	1389	439034	316
MER33	9580	1870801	195
MER34	1222	368060	301
MER34-int	343	211584	616
MER34A	1383	389425	281
MER34A1	761	221750	291
MER34B	615	212210	345
MER34B-int	474	242584	511
MER34C	182	43596	239
MER34C2	484	162646	336
MER34C_	540	174718	323
MER34D	235	83623	355
MER39	3096	1047415	338
MER39B	1164	446724	383
MER4-int	2062	1967235	954
MER41-int	1210	1418856	1172
MER41A	2232	841419	376
MER41B	2573	970700	377
MER41C	706	237927	337
MER41D	471	141201	299
MER41E	356	133547	375
MER41G	113	43676	386
MER44A	2334	574101	245
MER44B	2126	654212	307
MER44C	1091	515853	472
MER44D	638	225134	352
MER45A	3468	474634	136
MER45B	1314	482873	367
MER45C	1197	331700	277
MER45R	616	169278	274
MER46C	2812	581470	206
MER47A	2589	723922	279
MER47B	618	195023	315
MER47C	762	57198	75
MER48	106	38132	359
MER49	1195	529855	443
MER4A	816	330872	405
MER4A1	1698	595659	350
MER4A1_	400	188145	470
MER4B	1618	659956	407
MER4B-int	1147	843561	735
MER4C	565	183916	325
MER4CL34	800	324075	405
MER4D	1264	529629	419
MER4D0	399	163881	410
MER4D1	1441	671586	466
MER4E	668	319315	478
MER4E1	1034	424700	410
MER50	2098	991502	472
MER50-int	375	539374	1438
MER50B	664	314441	473
MER50C	67	26696	398
MER51-int	434	428550	987
MER51A	851	375472	441
MER51B	527	165306	313
MER51C	158	69220	438
MER51D	150	37237	248
MER51E	187	65463	350
MER52-int	359	652723	1818
MER52A	1279	1604779	1254
MER52C	341	301216	883
MER52D	516	540307	1047
MER53	5855	743639	127
MER54A	676	306297	453
MER54B	431	171655	398
MER57-int	937	1080333	1152
MER57A-int	1598	1025646	641
MER57A1	846	297184	351
MER57B1	819	238726	291
MER57B2	972	263208	270
MER57C1	183	49616	271
MER57C2	407	123551	303
MER57D	446	126783	284
MER57E1	497	131784	265
MER57E2	76	20803	273
MER57E3	243	49020	201
MER57F	411	121417	295
MER58A	13479	2400422	178
MER58B	7005	1396067	199
MER58C	2592	359274	138
MER58D	1140	150157	131
MER5A	34906	4384097	125
MER5A1	15942	1983989	124
MER5B	24966	2885651	115
MER5C	1336	248608	186
MER5C1	617	96685	156
MER6	812	368986	454
MER61-int	805	1254874	1558
MER61A	550	169146	307
MER61B	315	104184	330
MER61C	247	88184	357
MER61D	216	80787	374
MER61E	292	119754	410
MER61F	126	59493	472
MER63A	3511	606134	172
MER63B	2404	453996	188
MER63C	890	356361	400
MER63D	1718	281056	163
MER65-int	839	641174	764
MER65A	1134	346169	305
MER65B	193	42746	221
MER65C	627	202257	322
MER65D	385	115557	300
MER66-int	541	576490	1065
MER66A	293	101005	344
MER66B	1352	408976	302
MER66C	519	136685	263
MER66D	205	65723	320
MER67A	469	119213	254
MER67B	471	163090	346
MER67C	1637	521464	318
MER67D	1009	321314	318
MER68	1386	531038	383
MER68-int	347	194639	560
MER68B	412	140423	340
MER68C	161	40656	252
MER6A	1009	371599	368
MER6B	676	113189	167
MER6C	160	21768	136
MER70-int	199	195126	980
MER70A	469	183970	392
MER70B	423	147131	347
MER70C	273	97235	356
MER72	754	323312	428
MER72B	184	70850	385
MER73	275	109811	399
MER74A	1557	576574	370
MER74B	872	309424	354
MER74C	203	65677	323
MER75	475	180879	380
MER75A	92	6636	72
MER75B	114	19203	168
MER76	628	259941	413
MER76-int	119	97715	821
MER77	1268	484923	382
MER77B	1224	493620	403
MER8	1941	360345	185
MER81	3668	346113	94
MER83	414	140058	338
MER83A-int	88	77661	882
MER83B	126	32676	259
MER83B-int	232	166862	719
MER83C	115	33908	294
MER84	267	87643	328
MER84-int	118	103710	878
MER85	902	110439	122
MER87	163	61219	375
MER87B	199	66968	336
MER88	112	35889	320
MER89	1174	401541	342
MER89-int	607	357545	589
MER90	697	223250	320
MER90a	1247	402019	322
MER91A	3627	444154	122
MER91B	1442	148750	103
MER91C	1637	134916	82
MER92-int	777	437443	562
MER92A	151	39647	262
MER92B	796	252756	317
MER92C	128	37115	289
MER92D	172	35690	207
MER94	4792	502085	104
MER94B	622	55069	88
MER95	139	38476	276
MER96	1274	141521	111
MER96B	2150	328946	152
MER97a	277	102789	371
MER97b	173	59161	341
MER97c	215	74793	347
MER97d	137	52914	386
MER99	295	96862	328
MER9B	21	8339	397
MER9a1	258	123508	478
MER9a2	194	90961	468
MER9a3	361	169553	469
MERX	436	76090	174
MIR	174396	27461996	157
MIR1_Amn	11716	1160203	99
MIR3	87870	10025826	114
MIRb	223887	33681431	150
MIRc	100994	13015743	128
MLT-int	385	136402	354
MLT1-int	208	70620	339
MLT1A	8344	2388459	286
MLT1A-int	380	294397	774
MLT1A0	19502	5519247	283
MLT1A0-int	839	787446	938
MLT1A1	6189	1839670	297
MLT1A1-int	424	489864	1155
MLT1B	16600	4772783	287
MLT1B-int	458	327849	715
MLT1C	6141	1913669	311
MLT1C-int	101	79855	790
MLT1C2	15135	4830653	319
MLT1C2-int	387	314996	813
MLT1D	17406	5891864	338
MLT1D-int	520	429142	825
MLT1E	812	269802	332
MLT1E-int	12	10094	841
MLT1E1	903	310086	343
MLT1E1-int	38	27524	724
MLT1E1A	2899	1093595	377
MLT1E1A-int	81	72944	900
MLT1E2	3738	1449511	387
MLT1E2-int	114	94994	833
MLT1E3	1881	649832	345
MLT1E3-int	65	48411	744
MLT1F	3885	1316804	338
MLT1F-int	486	283412	583
MLT1F1	2935	951628	324
MLT1F1-int	146	115769	792
MLT1F2	5570	2015358	361
MLT1F2-int	272	221376	813
MLT1G	2532	848597	335
MLT1G-int	165	128050	776
MLT1G1	3176	1091938	343
MLT1G1-int	274	225929	824
MLT1G3	2417	799962	330
MLT1G3-int	216	160807	744
MLT1H	9039	2669090	295
MLT1H-int	731	430418	588
MLT1H1	3143	1039758	330
MLT1H1-int	354	281778	795
MLT1H2	4176	966605	231
MLT1H2-int	310	204136	658
MLT1I	10098	2291650	226
MLT1I-int	728	414845	569
MLT1J	14249	3662562	257
MLT1J-int	1267	517788	408
MLT1J1	4361	990368	227
MLT1J1-int	412	255759	620
MLT1J2	6138	1471319	239
MLT1J2-int	493	321090	651
MLT1K	16386	4094958	249
MLT1K-int	195	58567	300
MLT1L	11150	2591917	232
MLT1L-int	103	33375	324
MLT1M	2311	397847	172
MLT1M-int	1	877	877
MLT1N2	5493	1070640	194
MLT1N2-int	69	25301	366
MLT1O	4867	939335	193
MLT1O-int	12	4676	389
MLT2A1	2101	726913	345
MLT2A2	3119	1351032	433
MLT2B1	3644	1290170	354
MLT2B2	1843	667288	362
MLT2B3	2685	1176698	438
MLT2B4	3544	1208785	341
MLT2B5	348	97047	278
MLT2C1	2232	595655	266
MLT2C2	1303	318259	244
MLT2D	3767	1118853	297
MLT2E	400	93293	233
MLT2F	1544	548942	355
MST-int	221	93760	424
MSTA	15227	4915753	322
MSTA-int	2739	4300173	1569
MSTA1	500	150564	301
MSTA1-int	25	28786	1151
MSTB	7359	2346955	318
MSTB-int	822	1210161	1472
MSTB1	4219	1399950	331
MSTB1-int	203	248875	1225
MSTB2	1456	488129	335
MSTB2-int	85	108451	1275
MSTC	2873	833024	289
MSTC-int	199	223062	1120
MSTD	6701	1973016	294
MSTD-int	687	787679	1146
MamGyp-int	634	220314	347
MamGypLTR1a	1091	247099	226
MamGypLTR1b	1209	253141	209
MamGypLTR1c	1081	244076	225
MamGypLTR1d	748	139676	186
MamGypLTR2b	884	156562	177
MamGypLTR2c	1035	215651	208
MamGypLTR3	675	149020	220
MamGypLTR3a	1322	304077	230
MamGypLTR4	710	148666	209
MamGypsy2-I	2287	632857	276
MamGypsy2-LTR	904	100538	111
MamRTE1	8819	1283402	145
MamRTE2	49	8335	170
MamRep1151	1257	332090	264
MamRep137	2459	460165	187
MamRep1527	1265	322529	254
MamRep1879	1484	194721	131
MamRep1894	686	66109	96
MamRep38	2128	353870	166
MamRep4096	1259	209925	166
MamRep434	2112	360586	170
MamRep488	494	62463	126
MamRep605	3545	729972	205
MamRep605b	2373	402938	169
MamSINE1	5836	735821	126
MamTip1	756	122525	162
MamTip1b	440	64723	147
MamTip2	5239	626681	119
MamTip2b	6730	911870	135
MamTip3	1155	210262	182
MamTip3B	824	144271	175
Mam_R4	551	119297	216
Merlin1_HS	57	17783	311
ORSL	1214	198527	163
ORSL-2a	367	71942	196
ORSL-2b	709	154418	217
OldhAT1	4209	387220	91
PABL_A	474	223660	471
PABL_A-int	363	370736	1021
PABL_B	331	136677	412
PABL_B-int	212	202357	954
PRIMA4-int	375	244938	653
PRIMA41-int	364	387353	1064
PRIMA4_LTR	293	125027	426
PRIMAX-int	70	23419	334
Penelope1_Vert	1097	97368	88
Plat_L3	3315	528894	159
PrimLTR79	135	32765	242
Ricksha	410	200722	489
Ricksha_0	384	179230	466
Ricksha_a	56	19071	340
Ricksha_b	117	70910	606
Ricksha_c	982	234220	238
SVA_A	1186	426998	360
SVA_B	801	560254	699
SVA_C	486	486689	1001
SVA_D	1433	1786816	1246
SVA_E	686	290080	422
SVA_F	973	784214	805
THE1-int	199	95682	480
THE1A	1919	595254	310
THE1A-int	1419	2513760	1771
THE1B	15717	5166478	328
THE1B-int	4031	7176229	1780
THE1C	7129	2331414	327
THE1C-int	1688	2900612	1718
THE1D	9783	3152152	322
THE1D-int	2426	3079213	1269
Tigger1	12059	9266035	768
Tigger10	1450	312165	215
Tigger11a	421	96517	229
Tigger12	876	176953	202
Tigger12A	744	113521	152
Tigger12c	859	150309	174
Tigger13a	3113	866557	278
Tigger14a	1293	181455	140
Tigger15a	4828	909817	188
Tigger16a	1789	310560	173
Tigger16b	1329	176527	132
Tigger17	54	18968	351
Tigger17a	2389	958807	401
Tigger17b	90	40699	452
Tigger17c	342	86052	251
Tigger17d	331	80889	244
Tigger18a	1259	360569	286
Tigger19a	3579	511334	142
Tigger19b	3538	479768	135
Tigger1a_Art	302	49368	163
Tigger1a_Mars	44	15874	360
Tigger2	2729	1629369	597
Tigger20a	1356	307240	226
Tigger21a	169	43525	257
Tigger22N1	1102	191793	174
Tigger23a	583	97264	166
Tigger2a	3318	1016474	306
Tigger2b_Pri	2104	581157	276
Tigger3	1147	471451	411
Tigger3a	5323	1524363	286
Tigger3b	6279	3200642	509
Tigger3c	2327	529182	227
Tigger3d	636	79183	124
Tigger4	1445	771458	533
Tigger4a	3497	642134	183
Tigger4b	2520	608935	241
Tigger5	537	138843	258
Tigger5b	2766	295064	106
Tigger6	230	58474	254
Tigger6a	674	357185	529
Tigger6b	174	53744	308
Tigger7	2944	644214	218
Tigger8	938	214269	228
Tigger9a	1026	196712	191
Tigger9b	754	228307	302
UCON100	19	1720	90
UCON105	638	89063	139
UCON11	45	9447	209
UCON14	98	10649	108
UCON2	135	19560	144
UCON21	28	3706	132
UCON23	31	3825	123
UCON29	232	43017	185
UCON33	133	23578	177
UCON34	339	37561	110
UCON37	174	26019	149
UCON38	207	31061	150
UCON39	107	13437	125
UCON40	241	44568	184
UCON44	364	66684	183
UCON49	106	14241	134
UCON51	42	5612	133
UCON55	404	44183	109
UCON58	235	33440	142
UCON62	24	2680	111
UCON69	28	3714	132
UCON7	127	17895	140
UCON73	248	26317	106
UCON78	179	27521	153
UCON8	206	35886	174
UCON80	44	4080	92
UCON81	40	2423	60
UCON83	50	4943	98
UCON86	66	9929	150
UCON89	48	7434	154
UCON97	42	5942	141
UCON99	56	8195	146
X10b_DNA	298	32303	108
X11_DNA	268	43041	160
X12_DNA	1374	203068	147
X12_LINE	221	23662	107
X13_LINE	139	26359	189
X15_LINE	244	21544	88
X17_LINE	966	113891	117
X1_DNA	676	137388	203
X1_LINE	85	21590	254
X1_LR	15	1727	115
X20_LINE	161	25060	155
X21_LINE	45	7323	162
X22_DNA	24	2890	120
X23_DNA	59	9991	169
X24_DNA	456	45206	99
X24_LINE	550	62824	114
X26_DNA	957	198331	207
X2_LINE	191	35260	184
X2a_DNA	412	42631	103
X2b_DNA	185	16809	90
X30_DNA	758	112782	148
X32_DNA	328	58760	179
X33a_DNA	67	11753	175
X34_DNA	99	11233	113
X4a_DNA	179	28076	156
X4b_DNA	699	115378	165
X5B_LINE	73	4966	68
X5a_DNA	423	47421	112
X6A_LINE	1033	119699	115
X6B_LINE	875	97880	111
X6a_DNA	979	144466	147
X6b_DNA	959	123787	129
X7A_LINE	920	117913	128
X7B_LINE	934	114606	122
X7C_LINE	620	75455	121
X7D_LINE	55	4243	77
X8_LINE	223	24364	109
X9_LINE	653	60115	92
X9a_DNA	695	114815	165
X9b_DNA	601	110932	184
Zaphod	2282	694658	304
Zaphod2	844	169324	200
Zaphod3	1217	240713	197
Zaphod4a	373	105649	283
Zaphod5a	78	16624	213
Zaphod5b	74	11866	160
hAT-16_Crp	20	2707	135
hAT-1_Mam	1468	369513	251
hAT-4b_Ther	228	52446	230
hAT-5_Mam	904	182155	201
hAT-N1_Mam	239	41863	175
hAT-N1a_Mam	461	76579	166
